#Res        AtomicFlx
   1.000       5.8948
   2.000       3.7993
   3.000       2.7121
   4.000       1.8975
   5.000       1.3284
   6.000       1.1991
   7.000       0.8692
   8.000       0.7691
   9.000       0.7219
  10.000       0.6975
  11.000       0.7911
  12.000       0.7571
  13.000       0.7872
  14.000       0.8730
  15.000       1.1145
  16.000       1.1698
  17.000       0.8602
  18.000       0.8575
  19.000       1.0388
  20.000       0.9617
  21.000       0.8540
  22.000       0.9949
  23.000       1.0748
  24.000       0.9741
  25.000       0.9824
  26.000       1.2972
  27.000       1.4425
  28.000       1.4056
  29.000       1.3039
  30.000       1.9726
  31.000       1.7328
  32.000       1.4249
  33.000       1.4421
  34.000       1.2703
  35.000       1.1989
  36.000       1.0562
  37.000       1.0147
  38.000       1.1263
  39.000       1.0703
  40.000       1.0587
  41.000       1.0337
  42.000       1.0452
  43.000       1.1364
  44.000       1.1718
  45.000       1.1489
  46.000       1.2302
  47.000       1.3215
  48.000       1.5627
  49.000       2.0335
  50.000       2.3705
  51.000       2.7859
  52.000       1.9579
  53.000       1.2381
  54.000       0.9264
  55.000       0.7242
  56.000       0.6844
  57.000       0.5788
  58.000       0.6161
  59.000       0.6819
  60.000       0.8237
  61.000       0.9711
  62.000       1.2884
  63.000       1.9366
  64.000       1.6727
  65.000       1.8847
  66.000       1.9092
  67.000       1.5310
  68.000       1.0859
  69.000       0.9836
  70.000       0.7251
  71.000       0.6367
  72.000       0.6104
  73.000       0.5984
  74.000       0.6899
  75.000       0.7027
  76.000       0.6656
  77.000       0.6880
  78.000       0.7290
  79.000       0.7778
  80.000       0.8120
  81.000       0.7743
  82.000       0.8392
  83.000       0.9790
  84.000       1.0572
  85.000       1.2352
  86.000       1.2468
  87.000       1.5601
  88.000       1.4811
  89.000       1.3061
  90.000       1.8650
  91.000       2.7157
  92.000       2.6067
  93.000       2.6205
  94.000       1.1951
  95.000       1.1828
  96.000       1.2285
  97.000       1.4421
  98.000       1.2752
  99.000       1.0411
 100.000       1.1048
 101.000       1.1801
 102.000       1.0462
 103.000       1.0761
 104.000       0.9750
 105.000       0.9683
 106.000       0.9288
 107.000       0.9495
 108.000       1.2252
 109.000       1.5030
 110.000       2.2106
 111.000       2.5425
 112.000       3.5506
 113.000       3.7150
 114.000       3.8401
 115.000       2.1639
 116.000       2.3307
 117.000       1.9245
 118.000       1.4253
 119.000       1.4456
 120.000       1.2714
 121.000       1.1481
 122.000       1.0978
 123.000       1.3769
 124.000       1.2812
 125.000       1.1781
 126.000       1.1844
 127.000       1.1197
 128.000       1.1177
 129.000       1.2262
 130.000       1.3867
 131.000       1.2470
 132.000       1.1832
 133.000       1.1566
 134.000       1.1326
 135.000       1.0853
 136.000       1.0744
 137.000       1.0583
 138.000       0.9649
 139.000       1.0620
 140.000       1.1915
 141.000       1.1420
 142.000       1.1352
 143.000       1.0092
 144.000       0.8555
 145.000       0.9018
 146.000       0.8441
 147.000       0.8170
 148.000       0.8343
 149.000       0.9224
 150.000       1.2908
 151.000       1.0723
 152.000       0.9748
 153.000       1.1017
 154.000       1.3431
 155.000       1.1865
 156.000       1.2768
 157.000       1.7646
 158.000       1.8212
 159.000       1.7636
 160.000       1.4407
 161.000       1.0311
 162.000       0.9536
 163.000       0.8816
 164.000       1.0141
 165.000       0.9750
 166.000       1.1811
 167.000       0.8302
 168.000       0.6947
 169.000       0.8385
 170.000       1.3569
 171.000       1.2068
 172.000       0.8735
 173.000       0.7790
 174.000       0.8056
 175.000       0.7421
 176.000       0.6805
 177.000       0.5499
 178.000       0.6064
 179.000       0.5983
 180.000       0.6777
 181.000       0.7302
 182.000       0.9207
 183.000       1.3011
 184.000       1.6673
 185.000       1.3067
 186.000       1.4247
 187.000       1.6101
 188.000       1.2830
 189.000       1.2292
 190.000       1.0820
 191.000       0.8743
 192.000       0.8759
 193.000       0.9805
 194.000       0.8433
 195.000       0.7453
 196.000       0.8693
 197.000       0.9562
 198.000       0.8497
 199.000       0.8183
 200.000       1.3342
 201.000       1.3733
 202.000       1.1278
 203.000       1.8698
 204.000       2.8465
 205.000       1.8659
 206.000       2.8797
 207.000       3.9544
 208.000       3.4754
 209.000       3.4696
 210.000       5.1627
 211.000       6.6728
 212.000       5.4247
 213.000       3.8514
 214.000       2.5411
 215.000       1.8525
 216.000       1.4114
 217.000       1.2654
 218.000       0.9529
 219.000       0.9172
 220.000       0.8130
 221.000       0.8902
 222.000       1.0776
 223.000       1.0036
 224.000       0.9066
 225.000       0.9065
 226.000       1.0083
 227.000       1.1668
 228.000       0.9410
 229.000       0.8461
 230.000       1.0991
 231.000       1.1173
 232.000       0.8836
 233.000       1.1103
 234.000       1.3148
 235.000       1.1433
 236.000       1.1490
 237.000       1.4801
 238.000       1.6240
 239.000       1.6567
 240.000       1.5791
 241.000       2.0499
 242.000       1.8210
 243.000       1.4803
 244.000       1.4748
 245.000       1.4647
 246.000       1.4802
 247.000       1.4585
 248.000       1.5774
 249.000       2.1785
 250.000       2.2284
 251.000       2.2309
 252.000       1.7368
 253.000       1.7109
 254.000       1.4733
 255.000       1.5470
 256.000       1.5020
 257.000       1.4093
 258.000       1.5155
 259.000       1.7974
 260.000       2.3873
 261.000       2.4924
 262.000       3.1181
 263.000       2.0544
 264.000       1.3392
 265.000       1.1449
 266.000       0.7923
 267.000       0.7577
 268.000       0.6262
 269.000       0.7177
 270.000       0.8654
 271.000       1.0849
 272.000       1.2872
 273.000       1.4046
 274.000       1.8317
 275.000       1.8121
 276.000       1.3849
 277.000       1.8836
 278.000       1.3566
 279.000       1.0766
 280.000       0.9687
 281.000       0.8177
 282.000       0.6515
 283.000       0.7159
 284.000       0.7141
 285.000       0.8933
 286.000       0.9225
 287.000       0.8270
 288.000       0.8746
 289.000       0.8721
 290.000       0.7119
 291.000       0.6621
 292.000       0.6774
 293.000       0.7669
 294.000       0.9239
 295.000       1.0742
 296.000       1.2928
 297.000       1.1925
 298.000       1.4501
 299.000       1.2133
 300.000       1.1674
 301.000       1.6936
 302.000       2.3740
 303.000       3.2836
 304.000       2.0597
 305.000       0.9806
 306.000       0.8519
 307.000       0.8650
 308.000       0.9980
 309.000       0.9723
 310.000       0.9123
 311.000       0.9812
 312.000       1.0743
 313.000       0.9732
 314.000       1.0665
 315.000       0.9794
 316.000       0.9922
 317.000       0.9580
 318.000       1.1263
 319.000       1.6019
 320.000       2.3316
 321.000       3.8282
 322.000       4.7211
 323.000       4.4983
 324.000       3.9173
 325.000       3.5633
 326.000       2.5175
 327.000       3.0099
 328.000       2.2845
 329.000       1.4522
 330.000       1.6139
 331.000       1.3898
 332.000       1.1062
 333.000       1.0499
 334.000       1.4522
 335.000       1.2526
 336.000       1.2143
 337.000       1.2710
 338.000       1.2855
 339.000       1.3709
 340.000       1.6307
 341.000       1.5594
 342.000       1.3343
 343.000       1.4079
 344.000       1.4168
 345.000       1.2208
 346.000       1.1451
 347.000       1.2793
 348.000       1.1918
 349.000       0.9986
 350.000       1.1477
 351.000       1.3010
 352.000       1.1647
 353.000       1.1930
 354.000       0.9927
 355.000       0.7796
 356.000       0.8172
 357.000       0.7748
 358.000       0.8341
 359.000       0.9022
 360.000       0.9960
 361.000       1.2149
 362.000       1.1420
 363.000       1.0083
 364.000       1.1891
 365.000       1.4935
 366.000       1.2553
 367.000       1.2740
 368.000       1.7486
 369.000       1.8071
 370.000       1.5865
 371.000       1.2429
 372.000       0.9596
 373.000       0.8811
 374.000       0.8206
 375.000       0.8657
 376.000       0.7953
 377.000       0.9081
 378.000       0.7208
 379.000       0.7504
 380.000       0.8445
 381.000       1.1578
 382.000       1.4682
 383.000       1.2040
 384.000       0.9701
 385.000       0.9438
 386.000       0.8892
 387.000       0.8881
 388.000       0.7173
 389.000       0.6703
 390.000       0.5840
 391.000       0.7098
 392.000       0.7730
 393.000       0.9961
 394.000       1.2910
 395.000       1.5097
 396.000       1.2685
 397.000       1.4533
 398.000       1.6758
 399.000       1.4214
 400.000       1.4658
 401.000       1.3026
 402.000       1.0287
 403.000       1.0112
 404.000       1.1026
 405.000       0.9439
 406.000       0.7827
 407.000       1.0010
 408.000       1.0890
 409.000       0.8766
 410.000       0.9805
 411.000       1.3472
 412.000       1.2946
 413.000       1.1391
 414.000       1.4872
 415.000       1.6931
 416.000       1.4848
 417.000       1.6781
 418.000       2.1207
 419.000       2.1173
 420.000       2.1400
 421.000       2.6600
 422.000       3.0396
