#Res        AtomicFlx
   1.000       5.3048
   2.000       3.5534
   3.000       2.2012
   4.000       1.5021
   5.000       0.9333
   6.000       0.8041
   7.000       0.6759
   8.000       0.5694
   9.000       0.6382
  10.000       0.6227
  11.000       0.7008
  12.000       0.7386
  13.000       0.7675
  14.000       0.8133
  15.000       0.9697
  16.000       1.0767
  17.000       0.9043
  18.000       0.7847
  19.000       0.8607
  20.000       0.8829
  21.000       0.9304
  22.000       0.9760
  23.000       0.9300
  24.000       0.8265
  25.000       0.8745
  26.000       1.1139
  27.000       1.3584
  28.000       1.2950
  29.000       1.1066
  30.000       1.5115
  31.000       1.3732
  32.000       1.0449
  33.000       1.0111
  34.000       0.9986
  35.000       0.8868
  36.000       0.8410
  37.000       0.7614
  38.000       0.9598
  39.000       0.9204
  40.000       0.8261
  41.000       0.7081
  42.000       0.6619
  43.000       0.6804
  44.000       0.7634
  45.000       0.7175
  46.000       0.7888
  47.000       0.9334
  48.000       1.3249
  49.000       1.6578
  50.000       2.0322
  51.000       2.4317
  52.000       1.2713
  53.000       0.7468
  54.000       0.6807
  55.000       0.6282
  56.000       0.5842
  57.000       0.5435
  58.000       0.5641
  59.000       0.6172
  60.000       0.6781
  61.000       0.7104
  62.000       0.7110
  63.000       0.8609
  64.000       0.9641
  65.000       0.8993
  66.000       1.4861
  67.000       0.9619
  68.000       0.6689
  69.000       0.6138
  70.000       0.5601
  71.000       0.5105
  72.000       0.5183
  73.000       0.5512
  74.000       0.6197
  75.000       0.6240
  76.000       0.6245
  77.000       0.6408
  78.000       0.6387
  79.000       0.5679
  80.000       0.5523
  81.000       0.5799
  82.000       0.6487
  83.000       0.8068
  84.000       0.9140
  85.000       1.0438
  86.000       0.9771
  87.000       1.1200
  88.000       1.1221
  89.000       1.0635
  90.000       1.3515
  91.000       1.4381
  92.000       1.2535
  93.000       1.1016
  94.000       0.8603
  95.000       0.7958
  96.000       0.9364
  97.000       0.9791
  98.000       0.8592
  99.000       0.7952
 100.000       0.8713
 101.000       0.9564
 102.000       0.7896
 103.000       0.8246
 104.000       0.7415
 105.000       0.7426
 106.000       0.8436
 107.000       0.9978
 108.000       1.1785
 109.000       1.2674
 110.000       1.2962
 111.000       1.8581
 112.000       2.6877
 113.000       2.6368
 114.000       2.5366
 115.000       2.8463
 116.000       2.5360
 117.000       2.4789
 118.000       1.3635
 119.000       1.2120
 120.000       0.9837
 121.000       0.9046
 122.000       0.8388
 123.000       1.1887
 124.000       0.9727
 125.000       0.9178
 126.000       0.9263
 127.000       0.9841
 128.000       1.0558
 129.000       1.2616
 130.000       1.3564
 131.000       1.2116
 132.000       1.1933
 133.000       1.1075
 134.000       0.8830
 135.000       0.8730
 136.000       0.9498
 137.000       0.8900
 138.000       0.7608
 139.000       0.9086
 140.000       1.0481
 141.000       1.0016
 142.000       0.9593
 143.000       0.8308
 144.000       0.6620
 145.000       0.6800
 146.000       0.6381
 147.000       0.6579
 148.000       0.6904
 149.000       0.8096
 150.000       0.9857
 151.000       0.8490
 152.000       0.8348
 153.000       0.9899
 154.000       1.2158
 155.000       1.0153
 156.000       1.0134
 157.000       1.4132
 158.000       1.4757
 159.000       1.3004
 160.000       1.0781
 161.000       0.8209
 162.000       0.7698
 163.000       0.7038
 164.000       0.6851
 165.000       0.6669
 166.000       0.8386
 167.000       0.6805
 168.000       0.6260
 169.000       0.6482
 170.000       0.8298
 171.000       0.9098
 172.000       0.7272
 173.000       0.6259
 174.000       0.6718
 175.000       0.6485
 176.000       0.5393
 177.000       0.5017
 178.000       0.5434
 179.000       0.5371
 180.000       0.5375
 181.000       0.5673
 182.000       0.6451
 183.000       0.8462
 184.000       1.1366
 185.000       1.0621
 186.000       1.1311
 187.000       1.3221
 188.000       1.0286
 189.000       1.0867
 190.000       0.9610
 191.000       0.8117
 192.000       0.8142
 193.000       0.8305
 194.000       0.7371
 195.000       0.6780
 196.000       0.7467
 197.000       0.7715
 198.000       0.6599
 199.000       0.6686
 200.000       0.8648
 201.000       0.8314
 202.000       0.7990
 203.000       1.1532
 204.000       1.5452
 205.000       1.4026
 206.000       2.0205
 207.000       2.8440
 208.000       3.4607
 209.000       2.7757
 210.000       3.2422
 211.000       4.3939
 212.000       5.2214
 213.000       3.3260
 214.000       2.1043
 215.000       1.1997
 216.000       0.9653
 217.000       0.8051
 218.000       0.6528
 219.000       0.5681
 220.000       0.5936
 221.000       0.5985
 222.000       0.7042
 223.000       0.7463
 224.000       0.7056
 225.000       0.7505
 226.000       0.9448
 227.000       0.9627
 228.000       0.7663
 229.000       0.7780
 230.000       0.8871
 231.000       0.8344
 232.000       0.7674
 233.000       0.8689
 234.000       0.9435
 235.000       0.8758
 236.000       0.9049
 237.000       1.0544
 238.000       1.2262
 239.000       1.3546
 240.000       1.2496
 241.000       1.2527
 242.000       1.3952
 243.000       0.9748
 244.000       0.9583
 245.000       0.9669
 246.000       0.9009
 247.000       0.9071
 248.000       0.9184
 249.000       0.9265
 250.000       0.9676
 251.000       1.2268
 252.000       1.1696
 253.000       0.9754
 254.000       1.5178
 255.000       1.2740
 256.000       0.9276
 257.000       1.2982
 258.000       1.3456
 259.000       1.5857
 260.000       2.2296
 261.000       2.3897
 262.000       2.2906
 263.000       1.4323
 264.000       0.8503
 265.000       0.7377
 266.000       0.6528
 267.000       0.6111
 268.000       0.5281
 269.000       0.5742
 270.000       0.6391
 271.000       0.8055
 272.000       1.0278
 273.000       1.0364
 274.000       1.0330
 275.000       1.1706
 276.000       1.1488
 277.000       1.4874
 278.000       1.0651
 279.000       0.7980
 280.000       0.7392
 281.000       0.7293
 282.000       0.5837
 283.000       0.5791
 284.000       0.5872
 285.000       0.6598
 286.000       0.6632
 287.000       0.6042
 288.000       0.5773
 289.000       0.5806
 290.000       0.5737
 291.000       0.5396
 292.000       0.5415
 293.000       0.5827
 294.000       0.7456
 295.000       0.8569
 296.000       1.0185
 297.000       0.9863
 298.000       1.2200
 299.000       1.1087
 300.000       1.0148
 301.000       1.4135
 302.000       1.8712
 303.000       2.5970
 304.000       1.3866
 305.000       0.9967
 306.000       0.7739
 307.000       0.8599
 308.000       0.8922
 309.000       0.8788
 310.000       0.8548
 311.000       0.8888
 312.000       0.9357
 313.000       0.7454
 314.000       0.7649
 315.000       0.6810
 316.000       0.6573
 317.000       0.7109
 318.000       0.8159
 319.000       0.9524
 320.000       1.1202
 321.000       2.5661
 322.000       3.6524
 323.000       3.3242
 324.000       2.0745
 325.000       2.0408
 326.000       1.7753
 327.000       1.6351
 328.000       1.6817
 329.000       1.2483
 330.000       0.9853
 331.000       0.8603
 332.000       0.8687
 333.000       0.7982
 334.000       1.0509
 335.000       0.9015
 336.000       0.8148
 337.000       0.8189
 338.000       0.8074
 339.000       0.8380
 340.000       0.9469
 341.000       0.9868
 342.000       0.8947
 343.000       0.9343
 344.000       0.9110
 345.000       0.7878
 346.000       0.7638
 347.000       0.8194
 348.000       0.7793
 349.000       0.6760
 350.000       0.7982
 351.000       0.9374
 352.000       0.8898
 353.000       0.8873
 354.000       0.7433
 355.000       0.5854
 356.000       0.6448
 357.000       0.6059
 358.000       0.6590
 359.000       0.7011
 360.000       0.8236
 361.000       0.9264
 362.000       0.8238
 363.000       0.7421
 364.000       0.9497
 365.000       1.3241
 366.000       1.0079
 367.000       1.0300
 368.000       1.5582
 369.000       1.5874
 370.000       1.3548
 371.000       0.9881
 372.000       0.7717
 373.000       0.7440
 374.000       0.7355
 375.000       0.7313
 376.000       1.8694
 377.000       0.7664
 378.000       0.5792
 379.000       0.5667
 380.000       0.6286
 381.000       0.8925
 382.000       1.0461
 383.000       0.8238
 384.000       0.6182
 385.000       0.5872
 386.000       0.6127
 387.000       0.6142
 388.000       0.5514
 389.000       0.5579
 390.000       0.5334
 391.000       0.5877
 392.000       0.6147
 393.000       0.7250
 394.000       1.0463
 395.000       1.2570
 396.000       1.0781
 397.000       1.1784
 398.000       1.5172
 399.000       1.1332
 400.000       1.3072
 401.000       1.1511
 402.000       0.8995
 403.000       0.9076
 404.000       0.9559
 405.000       0.8151
 406.000       0.6995
 407.000       0.7952
 408.000       0.7867
 409.000       0.6910
 410.000       0.7345
 411.000       0.9237
 412.000       0.9097
 413.000       0.9057
 414.000       1.2463
 415.000       1.4346
 416.000       1.5024
 417.000       1.7761
 418.000       2.6382
 419.000       5.3186
 420.000       7.7491
 421.000       9.9343
 422.000      11.5488
