#Res        AtomicFlx
   1.000       6.3481
   2.000       4.4202
   3.000       2.3340
   4.000       1.6765
   5.000       1.1600
   6.000       1.0603
   7.000       0.8473
   8.000       0.7977
   9.000       0.7892
  10.000       0.8354
  11.000       0.9775
  12.000       0.9539
  13.000       0.9089
  14.000       0.9060
  15.000       0.9774
  16.000       1.0409
  17.000       0.9189
  18.000       0.8444
  19.000       0.9435
  20.000       0.9714
  21.000       0.9200
  22.000       0.9890
  23.000       1.1615
  24.000       1.2096
  25.000       1.1876
  26.000       1.4454
  27.000       1.7422
  28.000       1.6673
  29.000       1.5711
  30.000       1.9293
  31.000       1.7164
  32.000       1.3227
  33.000       1.3042
  34.000       1.1864
  35.000       1.1057
  36.000       1.0568
  37.000       1.0868
  38.000       1.1600
  39.000       1.4484
  40.000       1.6212
  41.000       1.3943
  42.000       1.1184
  43.000       1.5180
  44.000       1.8342
  45.000       1.5447
  46.000       1.5016
  47.000       2.1205
  48.000       2.5249
  49.000       2.7311
  50.000       2.8428
  51.000       2.5325
  52.000       1.6218
  53.000       1.0900
  54.000       0.9209
  55.000       0.7328
  56.000       0.6796
  57.000       0.6572
  58.000       0.6883
  59.000       0.8347
  60.000       0.8684
  61.000       1.1686
  62.000       1.2954
  63.000       1.9602
  64.000       1.7413
  65.000       1.4996
  66.000       1.7069
  67.000       1.4882
  68.000       1.1332
  69.000       1.1550
  70.000       1.0175
  71.000       0.8874
  72.000       0.8728
  73.000       0.8304
  74.000       0.8777
  75.000       0.8297
  76.000       0.7596
  77.000       0.7365
  78.000       0.7423
  79.000       0.6273
  80.000       0.5824
  81.000       0.6099
  82.000       0.6768
  83.000       0.8571
  84.000       1.0032
  85.000       1.1693
  86.000       1.1271
  87.000       1.3400
  88.000       1.2290
  89.000       1.1645
  90.000       1.4024
  91.000       1.5971
  92.000       1.5596
  93.000       1.7662
  94.000       1.0282
  95.000       0.9653
  96.000       1.0198
  97.000       1.2547
  98.000       1.1731
  99.000       1.0058
 100.000       1.0438
 101.000       1.0900
 102.000       0.9028
 103.000       0.8889
 104.000       0.7527
 105.000       0.7572
 106.000       0.8791
 107.000       1.0611
 108.000       1.6230
 109.000       2.3282
 110.000       3.1489
 111.000       3.2228
 112.000       2.3185
 113.000       2.1189
 114.000       1.3349
 115.000       1.1677
 116.000       1.0824
 117.000       0.9520
 118.000       0.9864
 119.000       1.0267
 120.000       0.9208
 121.000       0.9396
 122.000       0.9163
 123.000       1.1971
 124.000       1.0588
 125.000       0.9618
 126.000       0.9775
 127.000       1.0439
 128.000       1.1096
 129.000       1.3161
 130.000       1.3445
 131.000       1.2891
 132.000       1.2978
 133.000       1.1219
 134.000       0.9737
 135.000       1.0264
 136.000       1.0772
 137.000       0.9671
 138.000       0.8426
 139.000       1.0049
 140.000       1.1318
 141.000       1.0455
 142.000       0.9942
 143.000       0.8505
 144.000       0.6715
 145.000       0.7010
 146.000       0.6638
 147.000       0.7291
 148.000       0.7647
 149.000       0.8627
 150.000       1.0403
 151.000       0.9473
 152.000       0.9571
 153.000       1.0395
 154.000       1.3496
 155.000       1.0913
 156.000       1.0612
 157.000       1.5344
 158.000       1.6572
 159.000       1.4012
 160.000       1.0947
 161.000       0.8371
 162.000       0.8033
 163.000       0.7148
 164.000       0.6715
 165.000       0.5905
 166.000       0.7309
 167.000       0.6468
 168.000       0.5775
 169.000       0.6281
 170.000       0.7361
 171.000       1.1434
 172.000       0.7943
 173.000       0.7297
 174.000       0.8088
 175.000       0.8469
 176.000       0.8039
 177.000       0.7112
 178.000       0.7502
 179.000       0.6994
 180.000       0.7265
 181.000       0.8189
 182.000       1.0366
 183.000       1.3703
 184.000       1.5157
 185.000       1.2523
 186.000       1.5642
 187.000       1.7578
 188.000       1.4061
 189.000       1.4911
 190.000       1.3460
 191.000       1.1387
 192.000       1.2557
 193.000       1.2853
 194.000       1.1267
 195.000       1.1415
 196.000       1.1808
 197.000       1.1591
 198.000       1.2760
 199.000       1.3777
 200.000       1.3676
 201.000       1.2718
 202.000       1.1851
 203.000       1.7030
 204.000       1.9602
 205.000       1.6344
 206.000       1.9844
 207.000       2.6118
 208.000       2.6103
 209.000       3.2632
 210.000       4.2628
 211.000       6.7217
 212.000       5.6227
 213.000       3.6838
 214.000       2.0847
 215.000       1.4714
 216.000       1.0636
 217.000       0.9399
 218.000       0.7662
 219.000       0.7460
 220.000       0.7648
 221.000       0.7602
 222.000       0.8976
 223.000       0.8354
 224.000       0.8582
 225.000       0.9141
 226.000       1.0462
 227.000       1.0839
 228.000       0.8503
 229.000       0.8378
 230.000       0.9926
 231.000       0.9445
 232.000       0.8244
 233.000       0.9685
 234.000       1.0593
 235.000       0.9259
 236.000       0.9623
 237.000       1.2178
 238.000       1.4231
 239.000       1.3781
 240.000       1.2222
 241.000       1.5475
 242.000       1.4348
 243.000       1.1474
 244.000       1.1197
 245.000       1.1149
 246.000       1.0855
 247.000       0.9953
 248.000       1.0507
 249.000       1.4636
 250.000       1.5727
 251.000       1.4952
 252.000       1.1511
 253.000       0.8841
 254.000       1.0859
 255.000       1.1520
 256.000       1.1138
 257.000       1.2151
 258.000       1.4512
 259.000       1.8393
 260.000       2.2159
 261.000       2.5686
 262.000       2.5290
 263.000       1.4403
 264.000       0.9553
 265.000       0.8350
 266.000       0.6999
 267.000       0.6163
 268.000       0.5848
 269.000       0.5654
 270.000       0.6122
 271.000       0.6646
 272.000       0.7542
 273.000       0.7632
 274.000       0.7699
 275.000       0.9483
 276.000       0.9970
 277.000       1.6002
 278.000       1.1237
 279.000       0.8211
 280.000       0.7567
 281.000       0.6738
 282.000       0.5910
 283.000       0.5963
 284.000       0.6132
 285.000       0.7071
 286.000       0.6869
 287.000       0.6458
 288.000       0.6919
 289.000       0.7013
 290.000       0.6882
 291.000       0.7662
 292.000       0.7377
 293.000       0.8461
 294.000       1.0571
 295.000       1.2767
 296.000       1.5397
 297.000       1.6013
 298.000       2.0604
 299.000       1.9423
 300.000       1.7979
 301.000       2.3337
 302.000       2.5437
 303.000       3.0508
 304.000       2.5568
 305.000       2.2648
 306.000       2.8188
 307.000       2.4404
 308.000       2.1771
 309.000       1.6372
 310.000       1.6158
 311.000       1.5471
 312.000       1.4756
 313.000       1.1227
 314.000       1.0196
 315.000       0.9530
 316.000       0.9871
 317.000       1.1413
 318.000       1.2977
 319.000       1.5060
 320.000       1.8983
 321.000       3.2873
 322.000       3.6565
 323.000       3.0550
 324.000       1.9199
 325.000       1.6401
 326.000       1.3746
 327.000       1.3828
 328.000       1.0428
 329.000       1.2146
 330.000       1.4358
 331.000       1.3401
 332.000       1.3517
 333.000       1.2066
 334.000       1.4923
 335.000       1.2393
 336.000       1.1568
 337.000       1.2033
 338.000       1.2607
 339.000       1.3372
 340.000       1.5741
 341.000       1.5875
 342.000       1.3108
 343.000       1.2841
 344.000       1.3026
 345.000       1.0609
 346.000       0.9870
 347.000       1.1341
 348.000       1.0849
 349.000       0.9025
 350.000       1.0680
 351.000       1.2528
 352.000       1.1658
 353.000       1.1487
 354.000       0.9766
 355.000       0.8407
 356.000       0.8354
 357.000       0.8162
 358.000       0.7609
 359.000       0.7770
 360.000       0.8950
 361.000       1.0434
 362.000       0.9610
 363.000       0.9276
 364.000       1.0932
 365.000       1.4447
 366.000       1.1916
 367.000       1.2570
 368.000       1.7808
 369.000       1.8783
 370.000       1.6834
 371.000       1.3069
 372.000       1.0135
 373.000       1.0647
 374.000       1.0146
 375.000       1.1083
 376.000       1.0157
 377.000       1.1830
 378.000       1.6431
 379.000       1.4804
 380.000       1.1235
 381.000       1.1567
 382.000       1.3850
 383.000       1.0142
 384.000       0.7927
 385.000       0.7647
 386.000       0.7064
 387.000       0.6334
 388.000       0.5535
 389.000       0.5689
 390.000       0.5504
 391.000       0.5679
 392.000       0.6354
 393.000       0.8020
 394.000       1.1604
 395.000       1.4946
 396.000       1.2413
 397.000       1.3817
 398.000       1.5965
 399.000       1.1124
 400.000       1.0044
 401.000       0.9088
 402.000       0.7651
 403.000       0.7812
 404.000       0.8238
 405.000       0.7363
 406.000       0.6737
 407.000       0.8069
 408.000       0.8556
 409.000       0.7155
 410.000       0.7786
 411.000       1.0563
 412.000       0.9961
 413.000       0.9519
 414.000       1.3843
 415.000       1.6436
 416.000       1.5147
 417.000       1.8334
 418.000       2.4738
 419.000       4.6387
 420.000       5.5824
 421.000       5.1977
 422.000       4.0876
