| Run on Mon Feb  9 17:17:51 2026
| GB non-polar solvation energies calculated with gbsa=2
idecomp = 2: Per-residue decomp adding 1-4 interactions to EEL and VDW.
Energy Decomposition Analysis (All units kcal/mol): Generalized Born solvent
DELTAS:
Total Energy Decomposition:
Residue,Location,Internal,,,van der Waals,,,Electrostatic,,,Polar Solvation,,,Non-Polar Solv.,,,TOTAL,,
,,Avg.,Std. Dev.,Std. Err. of Mean,Avg.,Std. Dev.,Std. Err. of Mean,Avg.,Std. Dev.,Std. Err. of Mean,Avg.,Std. Dev.,Std. Err. of Mean,Avg.,Std. Dev.,Std. Err. of Mean
GLY   1,R GLY   1,0.0,0.0,0.0,-4.0000000000001514e-06,6.31189353522404e-05,1.1523888232710785e-06,0.008643666666666725,0.009611834366492624,0.0001754872833843796,-0.008603999999999957,0.009589535129504511,0.00017508015688059482,0.0,0.0,0.0,3.566666666682276e-05,0.0005879862999160944,1.0735111998934762e-05
PRO   2,R PRO   2,0.0,0.0,0.0,-1.7666666666667163e-05,0.00013173669024063318,2.405171896528849e-06,-0.0003053333333333305,0.0010205088055583974,1.8631856431232923e-05,0.0003076666666666693,0.001030052371915562,1.8806097316995136e-05,0.0,0.0,0.0,-1.5333333333347334e-05,0.0005811754372725446,1.0610763228736713e-05
ARG   3,R ARG   3,0.0,0.0,0.0,-4.6666666666664415e-05,0.00021092389359407473,3.850925814609804e-06,0.006662666666666496,0.014338579876992368,0.000261785454707279,-0.006419666666666656,0.014281137205730139,0.0002607366998134898,0.0,0.0,0.0,0.00019633333333282128,0.0006484236440953074,1.1838541889690046e-05
ASN   4,R ASN   4,0.0,0.0,0.0,-3.800000000000085e-05,0.0001911962342725441,3.4907496807038248e-06,0.0009186666666667236,0.0013485986141999276,2.462192940058357e-05,-0.0008043333333333383,0.0013530390074035698,2.470299951797782e-05,0.0,0.0,0.0,7.633333333358413e-05,0.0006173922758039431,1.1271989209575685e-05
LEU   5,R LEU   5,0.0,0.0,0.0,-0.00011566666666666732,0.00031982477841607283,5.839174852919148e-06,-0.0022266666666666476,0.0011764164039810197,2.1478326715983823e-05,0.002693666666666646,0.0012753404338536956,2.3284424137336475e-05,0.0,0.0,0.0,0.00035133333333333907,0.000683543382350828,1.2479737651564236e-05
ARG   6,R ARG   6,0.0,0.0,0.0,-0.00015833333333333628,0.0003650532685634986,6.664930329440657e-06,0.03134500000000001,0.020168671456824366,0.0003682278770604429,-0.03003233333333323,0.02004729294831518,0.0003660118188235491,0.0,0.0,0.0,0.0011543333333335303,0.0007936295665411211,1.4489627196587307e-05
VAL   7,R VAL   7,0.0,0.0,0.0,-0.0003533333333333273,0.0004780051138731492,8.727139449038313e-06,-0.0027753333333333406,0.0018292598381738098,3.3397562563534845e-05,0.005492666666666718,0.0022908396325846325,4.182481807978166e-05,0.0,0.0,0.0,0.002364000000000009,0.0011739551382683791,2.1433390357622917e-05
LEU   8,R LEU   8,0.0,0.0,0.0,-0.001225000000000003,0.0006253332444918677,1.1416970798869636e-05,0.0019019999999999372,0.0026675324427893323,4.8702256393085876e-05,0.00040100000000000037,0.002565059908332238,4.6831372438190015e-05,0.0,0.0,0.0,0.0010779999999998948,0.001378374404869734,2.5165558474497066e-05
LEU   9,R LEU   9,0.0,0.0,0.0,-0.0021249999999999967,0.0008559838394112397,1.5628055256847187e-05,0.004277666666666649,0.0042765914646545385,7.807952048084493e-05,-0.0009260000000000007,0.004915878083652328,8.975124387872161e-05,0.0,0.0,0.0,0.0012266666666666212,0.0024652157895178376,4.500847656789424e-05
ASP  10,R ASP  10,0.0,0.0,0.0,-0.01811400000000005,0.009217103883541638,0.00016828052372947416,-0.30472733333333313,0.13363820182201624,0.002439888589411543,0.36005333333333267,0.14045341275866402,0.002564316748216806,0.0,0.0,0.0,0.037212000000000314,0.03291148314291936,0.0006008787239442651
THR  11,R THR  11,0.0,0.0,0.0,-0.01701966666666673,0.01457177453923237,0.00026604298726723387,-0.002868000000000008,0.02238625864230098,0.00040871529455110733,-0.00025533333333333414,0.027694370153917982,0.0005056277083066232,0.0,0.0,0.0,-0.020143000000000032,0.024983765748981843,0.0004561390690714102
ALA  12,R ALA  12,0.0,0.0,0.0,-0.17685533333333311,0.1777940974035859,0.0032460612579738226,-0.07450800000000009,0.08066927504322817,0.0014728127212921534,0.10674133333333323,0.11179727974428705,0.0020411297327887134,-0.007720075199999984,0.013268541906549665,0.00024224932358066185,-0.1523420751999998,0.157597105657361,0.002877316325535388
ILE  13,R ILE  13,0.0,0.0,0.0,-0.026792666666666843,0.019122369437098188,0.00034912510312153474,-0.01294100000000007,0.013554022244337554,0.00024746145760501587,0.03206466666666695,0.016271605684613125,0.00029707751600973,-3.1679999999999987e-07,1.7348958405621928e-05,3.1674719559926635e-07,-0.007669316799999939,0.017477406393435042,0.0003190923242789794
PRO  14,R PRO  14,0.0,0.0,0.0,-0.010913333333333289,0.006640317930808851,0.00012123506399033454,0.01133666666666669,0.010802746050066247,0.00019723025648737052,-0.002984333333333329,0.010879097138804951,0.00019862423027377943,0.0,0.0,0.0,-0.0025609999999999964,0.004767418483833727,8.704075482209368e-05
PRO  15,R PRO  15,0.0,0.0,0.0,-0.0018316666666666774,0.000997996604313907,1.8220841749876146e-05,0.004180333333333324,0.0034882392725015376,6.368624451748341e-05,-0.005639333333333306,0.0035769520855362703,6.530591147877879e-05,0.0,0.0,0.0,-0.003290666666666639,0.0013801616652486762,2.5198189235353128e-05
SER  16,R SER  16,0.0,0.0,0.0,-0.0008643333333333396,0.0005359675570612405,9.785384036445957e-06,0.005343666666666653,0.006041155509411202,0.00011029590486337093,-0.0009206666666666606,0.005152834775366093,9.407746138550248e-05,0.0,0.0,0.0,0.003558666666666646,0.0018807511501760944,3.4337661000174436e-05
PHE  17,R PHE  17,0.0,0.0,0.0,-0.004786666666666643,0.001980864009017876,3.616546336964025e-05,0.013283999999999994,0.0050332240164729656,9.18936776932999e-05,-0.016838000000000186,0.005487660946766015,0.00010019052294946342,0.0,0.0,0.0,-0.00834066666666669,0.0031241979592989875,5.7039789880655404e-05
CYS  18,R CYS  18,0.0,0.0,0.0,-0.001164000000000007,0.0007251004528110147,1.3238462482060099e-05,0.0094523333333333,0.004378553173011547,7.994107806980816e-05,-0.008514333333333422,0.0043003636926296045,7.851353999764823e-05,0.0,0.0,0.0,-0.00022599999999999037,0.0013821205929054597,2.523395419755783e-05
ASP  19,R ASP  19,0.0,0.0,0.0,-0.00037700000000000385,0.00048463491413640786,8.848182487569663e-06,-0.09121366666666673,0.028158373767356266,0.000514099216501425,0.09178000000000013,0.028654800644918196,0.0005231626898011759,0.0,0.0,0.0,0.00018933333333344393,0.0011533225433019922,2.105669243485766e-05
THR  20,R THR  20,0.0,0.0,0.0,-0.00040266666666666153,0.0004904347277897568,8.954072113145185e-06,0.01255033333333332,0.003313729000520565,6.050013743480539e-05,-0.0079316666666667,0.002546303966318319,4.648893735391393e-05,0.0,0.0,0.0,0.004216000000000056,0.0017640891889772609,3.220771474179465e-05
VAL  21,R VAL  21,0.0,0.0,0.0,-0.0005849999999999956,0.0004927220311696825,8.995832368379955e-06,0.009380333333333369,0.00219643951784587,4.0101315670665125e-05,-0.007016666666666718,0.0018294959840223124,3.340187397713771e-05,0.0,0.0,0.0,0.0017786666666667183,0.0011043904301569012,2.0163318362992283e-05
SER  22,R SER  22,0.0,0.0,0.0,-0.00017399999999999884,0.00037910948286741405,6.9215605176866995e-06,0.007197,0.0027275491440728293,4.979800643041989e-05,-0.0066323333333332965,0.00257885398750863,4.708321671568741e-05,0.0,0.0,0.0,0.0003906666666666796,0.0007831855179684925,1.4298945830090363e-05
SER  23,R SER  23,0.0,0.0,0.0,-9.933333333333282e-05,0.00029910904737607185,5.460959080058532e-06,0.005512666666666657,0.0016227054227089734,2.962641214012202e-05,-0.004942666666666646,0.0015015701411818657,2.7414794600050826e-05,0.0,0.0,0.0,0.00047066666666664074,0.000714007158383022,1.3035927562218167e-05
VAL  24,R VAL  24,0.0,0.0,0.0,-0.0001433333333333337,0.0003504124553849209,6.397626874836459e-06,0.0035303333333333905,0.0012057141267959894,2.201322750496025e-05,-0.0026983333333333343,0.0011494914334416442,2.0986746258497894e-05,0.0,0.0,0.0,0.0006886666666667153,0.0007477108769808845,1.3651270460480021e-05
LEU  25,R LEU  25,0.0,0.0,0.0,-0.00016266666666666488,0.0003690612716368642,6.738106119235069e-06,0.004078000000000015,0.001047496698483178,1.9124585689047468e-05,-0.0037013333333332857,0.000987318703470505,1.802589084458499e-05,0.0,0.0,0.0,0.00021400000000001558,0.0006818142464532972,1.2448168093695252e-05
LEU  26,R LEU  26,0.0,0.0,0.0,-6.900000000000004e-05,0.00025345413786324346,4.627418286690755e-06,0.002284333333333297,0.0007768448293507066,1.4183181223887777e-05,-0.0022830000000000007,0.0007803274953504987,1.4246765714832525e-05,0.0,0.0,0.0,-6.766666666667653e-05,0.0006364651513545582,1.1620210682094375e-05
ASP  27,R ASP  27,0.0,0.0,0.0,-4.5999999999999654e-05,0.00020948508300115142,3.8246568473524214e-06,-0.017835333333333356,0.013105884869867402,0.00023927962597640115,0.017566000000000144,0.013029568066516922,0.00023788627815267635,0.0,0.0,0.0,-0.0003153333333332877,0.0006276131150815933,1.145859535054248e-05
ASP  28,R ASP  28,0.0,0.0,0.0,-3.733333333333259e-05,0.00018957730759654252,3.4611922587240608e-06,-0.005285666666666675,0.012348524657716122,0.00022545218356466267,0.005233666666666673,0.012302427940135321,0.00022461057649646434,0.0,0.0,0.0,-8.933333333336198e-05,0.0006038925585087106,1.1025519220157637e-05
PHE  29,R PHE  29,0.0,0.0,0.0,-7.266666666666858e-05,0.00025958856335020947,4.7394170605756185e-06,-0.0008696666666666578,0.0008217947161886529,1.500385012316937e-05,0.0007836666666666493,0.0008121165077882392,1.4827151021264617e-05,0.0,0.0,0.0,-0.000158666666666717,0.0006466515462149757,1.1806187956917888e-05
ASN  30,R ASN  30,0.0,0.0,0.0,-2.5666666666666615e-05,0.00015813882789779613,2.887206775235007e-06,-0.0007846666666666427,0.001162023331186741,2.1215546361275815e-05,0.0007910000000000073,0.0011477451807783438,2.0954864192671457e-05,0.0,0.0,0.0,-1.9333333333290643e-05,0.0006112497216539714,1.1159842027287804e-05
MET  31,R MET  31,0.0,0.0,0.0,-3.833333333333311e-05,0.00019199971064792884,3.505419085211182e-06,0.0018183333333333363,0.001141050928846795,2.083264443305373e-05,-0.0017093333333333357,0.0011082326270036857,2.023346695910425e-05,0.0,0.0,0.0,7.066666666665045e-05,0.0006118329474256382,1.1170490224329814e-05
VAL  32,R VAL  32,0.0,0.0,0.0,-0.00010200000000000249,0.0003026483107502906,5.525576892958914e-06,-0.0004929999999999749,0.0012049692942145964,2.1999628784747123e-05,0.000897666666666666,0.0012406427993405568,2.2650934900172613e-05,0.0,0.0,0.0,0.0003026666666666981,0.0006750749752599658,1.232512639857084e-05
SER  33,R SER  33,0.0,0.0,0.0,-8.833333333333408e-05,0.0002837790611647676,5.181073104919382e-06,0.0002973333333333447,0.001766236928865672,3.224692692794587e-05,-3.699999999999492e-05,0.0017193887479760473,3.13916000795682e-05,0.0,0.0,0.0,0.00017199999999999637,0.0006760788908601591,1.234345530590608e-05
LEU  34,R LEU  34,0.0,0.0,0.0,-0.0003079999999999983,0.0004616665463297077,8.428839382342825e-06,0.002213666666666639,0.002371500204980451,4.329747191319728e-05,-0.0006126666666666647,0.0024138433162812414,4.4070547820343765e-05,0.0,0.0,0.0,0.0012929999999999903,0.000858186654133784,1.5668272967298585e-05
ILE  35,R ILE  35,0.0,0.0,0.0,-0.0004319999999999954,0.0004953544185731981,9.043892967079886e-06,-0.0043826666666666545,0.0030914235483924858,5.6441413741907594e-05,0.004926333333333323,0.00339670034330701,6.201497997049304e-05,0.0,0.0,0.0,0.0001116666666666634,0.0009390760825880027,1.714510512156778e-05
ARG  36,R ARG  36,0.0,0.0,0.0,-0.001622666666666671,0.0008467307062394862,1.5459116931321565e-05,0.19294666666666574,0.05735021495649064,0.0010470668803146694,-0.17552133333333317,0.04991203139747215,0.0009112648495767198,0.0,0.0,0.0,0.015802666666666264,0.008938776550637236,0.0001631989851094078
THR  37,R THR  37,0.0,0.0,0.0,-0.0018723333333333296,0.0005471452173681278,9.989459259453033e-06,-0.01364099999999995,0.005071434938292455,9.259131048741991e-05,0.01790066666666682,0.00556711770627781,0.0001016411982671592,0.0,0.0,0.0,0.0023873333333334044,0.0025365277228701654,4.631044838510674e-05
SER  38,R SER  38,0.0,0.0,0.0,-0.0037239999999999682,0.0015456899214699735,2.8220307896583108e-05,0.018329666666666744,0.01128885821900888,0.00020610540983429193,-0.02556433333333359,0.019288732321113233,0.00035216245993175663,0.0,0.0,0.0,-0.01095866666666663,0.012948601915093456,0.00023640804523504264
PRO  39,R PRO  39,0.0,0.0,0.0,-0.03061300000000037,0.014362029719598279,0.0002622135882994524,0.04253566666666674,0.016313697554168113,0.00029784600489115773,-0.027190666666666773,0.023464135318017013,0.0004283945402010524,-5.952000000000002e-06,0.0002700383290127533,4.930202806376224e-06,-0.015273952000000032,0.013982470083184064,0.00025528380914003495
ALA  40,R ALA  40,0.0,0.0,0.0,-0.005039666666666631,0.002148199220018737,3.922057236064219e-05,0.013404333333333279,0.004148595893659622,7.574265176435594e-05,-0.00034133333333333037,0.00556340647045995,0.00010157344068137045,0.0,0.0,0.0,0.008023333333333335,0.00415436985460959,7.584806938630433e-05
ASP  41,R ASP  41,0.0,0.0,0.0,-0.0020553333333333244,0.0006400038194330128,1.1684817626430809e-05,-0.09752766666666637,0.049881084269379296,0.0009106998349051712,0.10020333333333313,0.04931942810788599,0.000900445443264783,0.0,0.0,0.0,0.0006203333333334839,0.0035446936711403,6.471695610431137e-05
SER  42,R SER  42,0.0,0.0,0.0,-0.0035016666666666746,0.0011460063505736938,2.0923117641779516e-05,0.015122333333333278,0.012598996040249506,0.000230025144438764,-0.00569266666666666,0.01480167376421403,0.0002702403536497476,0.0,0.0,0.0,0.005928000000000002,0.005221380660323491,9.532893229934651e-05
LEU  43,R LEU  43,0.0,0.0,0.0,-0.004375999999999965,0.0008465364729294353,1.5455570732477104e-05,-0.0018829999999999682,0.00702519117177597,0.00012826185585226163,0.00666266666666667,0.00722520169653102,0.00013191353172382116,0.0,0.0,0.0,0.00040366666666672796,0.001773523767970329,3.237996579963025e-05
ALA  44,R ALA  44,0.0,0.0,0.0,-0.0007516666666666683,0.0004427157352322037,8.082846491638754e-06,0.005639666666666647,0.003149998924162042,5.7510848896018505e-05,-0.005127666666666667,0.003110311006242789,5.67862499658589e-05,0.0,0.0,0.0,-0.00023966666666667188,0.001042861394859769,1.903995701053325e-05
THR  45,R THR  45,0.0,0.0,0.0,-0.0005930000000000044,0.00049127487214388,8.96941098028898e-06,0.002313666666666742,0.004658606360514001,8.50541263396854e-05,0.003485333333333321,0.004848620239018744,8.852328925622187e-05,0.0,0.0,0.0,0.005206000000000072,0.0013912454851679812,2.5400551175124077e-05
ILE  46,R ILE  46,0.0,0.0,0.0,-0.0009803333333333365,0.0005163460295404548,9.427145595251199e-06,0.001252666666666673,0.0032360716239841943,5.908231420528397e-05,0.0009433333333333316,0.003560728701949786,6.500971437379956e-05,0.0,0.0,0.0,0.0012156666666666123,0.0010449024941219197,1.907722221413282e-05
LYS  47,R LYS  47,0.0,0.0,0.0,-0.0008006666666666625,0.0004989317477259343,9.10920576283237e-06,-0.05413366666666675,0.06557618825881488,0.0011972519181519443,0.06309266666666648,0.06646542017888386,0.0012134869975344582,0.0,0.0,0.0,0.008158333333333295,0.0049745281741643815,9.082204313116065e-05
GLN  48,R GLN  48,0.0,0.0,0.0,-0.0002366666666666628,0.0004250359461922611,7.760059182668447e-06,0.0014836666666667782,0.0033547577988416017,6.124921737973079e-05,-0.00023766666666664746,0.003207051795999294,5.855248705854232e-05,0.0,0.0,0.0,0.0010093333333334252,0.000991251509736916,1.809769373479869e-05
ASP  49,R ASP  49,0.0,0.0,0.0,-8.699999999999962e-05,0.0002818350581457161,5.14558062807296e-06,0.011181666666666689,0.02629672978189916,0.00048011040300546923,-0.011338999999999965,0.02618861226436651,0.00047813645623166615,0.0,0.0,0.0,-0.0002443333333332589,0.0006536828146905998,1.1934560768650361e-05
ASN  50,R ASN  50,0.0,0.0,0.0,-7.900000000000033e-05,0.0002697387625092108,4.9247334953274525e-06,-0.0010183333333334303,0.0018330295202813325,3.346638722769864e-05,0.0012163333333333247,0.0018072630934340863,3.299595878734719e-05,0.0,0.0,0.0,0.0001189999999999903,0.0006362695969477701,1.1616640363433797e-05
ALA  51,R ALA  51,0.0,0.0,0.0,-9.500000000000068e-05,0.00029321493822791683,5.353347862163797e-06,-0.003202333333333301,0.0011682156859454283,2.132860277412273e-05,0.003548999999999989,0.0013153956312328232,2.4015728642332143e-05,0.0,0.0,0.0,0.00025166666666666865,0.0006600483988988063,1.2050779904068142e-05
GLU  52,R GLU  52,0.0,0.0,0.0,-9.333333333333416e-05,0.0002908989897236213,5.311064620903029e-06,-0.017548000000000022,0.01928981672627622,0.0003521822583707314,0.017530000000000028,0.019231582531519915,0.00035111905230119213,0.0,0.0,0.0,-0.00011133333333323966,0.0006544245988313066,1.1948103832205852e-05
ILE  53,R ILE  53,0.0,0.0,0.0,-0.00026433333333334054,0.0004409775756455592,8.051112184500452e-06,0.0037906666666666726,0.0010527010760683832,1.9219604189087175e-05,-0.0027479999999999905,0.0010477735124221322,1.9129639597000704e-05,0.0,0.0,0.0,0.0007783333333333675,0.0007932195296525591,1.4482140981478153e-05
ASP  54,R ASP  54,0.0,0.0,0.0,-0.00014333333333333136,0.00035041245538491525,6.397626874836356e-06,-0.01087433333333331,0.02189323810119351,0.00039971401216184186,0.010781999999999892,0.021792241952890746,0.0003978700832069565,0.0,0.0,0.0,-0.0002356666666669843,0.0007625360465068282,1.3921939786086607e-05
ILE  55,R ILE  55,0.0,0.0,0.0,-0.0004366666666666633,0.0004959726694979063,9.055180633001924e-06,-0.003377333333333319,0.0018805015879340128,3.4333104637858116e-05,0.0057316666666667,0.0020844656922627976,3.805696266659853e-05,0.0,0.0,0.0,0.0019176666666667129,0.000997440669357735,1.8210691812676112e-05
ALA  56,R ALA  56,0.0,0.0,0.0,-0.0008003333333333221,0.0004279406760547334,7.813092051639612e-06,0.0100669999999999,0.0028010434365311867,5.11398224913307e-05,-0.006312666666666689,0.0027249904383112506,4.975129106829872e-05,0.0,0.0,0.0,0.002954000000000048,0.0014823013638708112,2.706299646709055e-05
ILE  57,R ILE  57,0.0,0.0,0.0,-0.003695999999999992,0.0013191856073602075,2.4084923822911292e-05,-0.007735666666666618,0.006251330089580077,0.00011413315014912663,0.00769866666666669,0.006536655481887329,0.00011934245526898306,0.0,0.0,0.0,-0.0037329999999999603,0.0042922073963560115,7.836462708249015e-05
THR  58,R THR  58,0.0,0.0,0.0,-0.01543333333333337,0.004397903540956313,8.029436583712058e-05,0.04032066666666667,0.016187335776945127,0.000295538965031442,-0.08454066666666671,0.026752489221668556,0.000488431393870723,0.0,0.0,0.0,-0.05965333333333337,0.020906007642674165,0.0003816897324422681
ILE  59,R ILE  59,0.0,0.0,0.0,-0.6508293333333319,0.25502220205220677,0.0046560470909544635,0.07132000000000002,0.048927363850235196,0.0008932873620012211,-0.06357399999999995,0.05526357924226995,0.00100897029864885,-0.05572160400000009,0.030687962440633397,0.0005602829757535401,-0.6988049373333343,0.2737353575754852,0.004997701004361197
ASP  60,R ASP  60,0.0,0.0,0.0,-0.03740533333333381,0.008441901734138606,0.0001541273336009898,0.12626900000000002,0.18828024849232922,0.003437511307730892,-0.07003966666666665,0.18706376477881057,0.0034153014553731645,0.0,0.0,0.0,0.018823999999999955,0.051188237815602645,0.0009345650843514846
GLU  61,R GLU  61,0.0,0.0,0.0,-0.030112000000000312,0.01449368101392104,0.00026461720108696336,0.6537596666666673,0.32402572825814563,0.005915873352634183,-0.551899333333333,0.30210765498337655,0.005515705914312778,0.0,0.0,0.0,0.07174833333333354,0.03535951070394256,0.0006455733878298238
GLU  62,R GLU  62,0.0,0.0,0.0,-0.0034386666666666793,0.0009785558520369868,1.786590379797818e-05,0.1761950000000001,0.09277732288477968,0.0016938744189644698,-0.1608693333333328,0.09144228558434517,0.001669500084145844,0.0,0.0,0.0,0.01188700000000009,0.004185558226409836,7.641748854519941e-05
LEU  63,R LEU  63,0.0,0.0,0.0,-0.0014463333333333127,0.0005270546039601983,9.622656520865074e-06,-0.011650333333333332,0.006233623870234509,0.00011380988029100324,0.011850666666666662,0.00593029225436846,0.00010827182801052566,0.0,0.0,0.0,-0.0012459999999999737,0.0012469231465223754,2.2765597827520814e-05
LYS  64,R LYS  64,0.0,0.0,0.0,-0.000603666666666657,0.0004891351778621237,8.930345686146223e-06,-0.1038526666666666,0.05355116829932073,0.0009777060952764509,0.1072083333333332,0.053791048795831825,0.000982085693911273,0.0,0.0,0.0,0.0027519999999999598,0.001754754303789118,3.2037283835485766e-05
ILE  65,R ILE  65,0.0,0.0,0.0,-0.0007440000000000017,0.00044399399395333793,8.106184196168517e-06,0.0019523333333333226,0.002083441357199406,3.803826095257643e-05,-0.0008790000000000081,0.0021339382215362665,3.896020334192899e-05,0.0,0.0,0.0,0.00032933333333334526,0.0007837130994325723,1.4308578105716968e-05
SER  66,R SER  66,0.0,0.0,0.0,-0.00014099999999999971,0.0003480215510568268,6.35397513372533e-06,0.0028130000000000095,0.003897267974705724,7.115405274629327e-05,-0.0027043333333333316,0.0037312528578065042,6.812304526587461e-05,0.0,0.0,0.0,-3.233333333332681e-05,0.0007491914901337788,1.3678302634572657e-05
ARG  67,R ARG  67,0.0,0.0,0.0,-0.0001676666666666656,0.0003735700142617891,6.820424120623617e-06,-0.02130333333333369,0.025884963245525982,0.00047259260899222387,0.021869999999999952,0.02576965463486082,0.0004704873714210275,0.0,0.0,0.0,0.0003990000000001146,0.0007579351335476464,1.383793899232455e-05
PHE  68,R PHE  68,0.0,0.0,0.0,-0.0004563333333333236,0.0004980895724889363,9.093829817009834e-06,0.005250666666666683,0.0020524374669050696,3.747220994975565e-05,-0.004565333333333306,0.0018928985416257528,3.4559441010568544e-05,0.0,0.0,0.0,0.00022900000000002926,0.0009028984808197532,1.648459550273748e-05
ASN  69,R ASN  69,0.0,0.0,0.0,-0.00033866666666666295,0.00047325633176488284,8.640438946325834e-06,-0.0018950000000001524,0.0013667388192333003,2.495312271706847e-05,0.0036569999999999893,0.0014539661848428857,2.6545669242939147e-05,0.0,0.0,0.0,0.0014233333333332728,0.0009033948318549915,1.6493657591352183e-05
GLN  70,R GLN  70,0.0,0.0,0.0,-0.0022129999999999993,0.0005856315679103498,1.0692120671053904e-05,0.014461000000000012,0.011656435089683208,0.00021281641462380825,0.004207333333333335,0.011828173128406406,0.00021595190788348793,0.0,0.0,0.0,0.01645533333333332,0.0038168929190580073,6.968661171166035e-05
CYS  71,R CYS  71,0.0,0.0,0.0,-0.0009350000000000017,0.00032676444114981953,5.965875180277516e-06,-0.013323333333333435,0.004527411573465527,8.265884819656755e-05,0.014599333333333313,0.00473477907498233,8.644484347237555e-05,0.0,0.0,0.0,0.0003409999999999561,0.0014535195217127196,2.6537514327205886e-05
VAL  72,R VAL  72,0.0,0.0,0.0,-0.0025506666666666603,0.0005757020834502703,1.051083391694782e-05,-0.0028336666666666397,0.007818738169011444,0.00014274997554647358,0.012407000000000048,0.008508389056297963,0.00015534122047214955,0.0,0.0,0.0,0.007022666666666685,0.002002869497052173,3.656722677581673e-05
LEU  73,R LEU  73,0.0,0.0,0.0,-0.002106333333333329,0.0006188913923745952,1.129935920831155e-05,0.008709333333333348,0.006766794875632752,0.00012354420651314744,0.0034830000000000004,0.008030008987126585,0.00014660723530728138,0.0,0.0,0.0,0.01008600000000008,0.002844515893199803,5.193351732958293e-05
GLY  74,R GLY  74,0.0,0.0,0.0,-0.0032556666666665925,0.0008596324149829151,1.5694668828292817e-05,0.013698666666666616,0.015849412130703507,0.00028936935157274427,-0.009416666666666658,0.014208297653914176,0.0002594068376265508,0.0,0.0,0.0,0.001026333333333321,0.003296408129397111,6.018390304047354e-05
TYR  75,R TYR  75,0.0,0.0,0.0,-0.02248500000000012,0.006117279487919474,0.00011168573220323822,0.04179100000000005,0.026211180546985124,0.00047854849481414503,-0.026960666666666726,0.02991878650985393,0.0005462398088209419,0.0,0.0,0.0,-0.007654666666666695,0.013934659841161816,0.00025441091753885604
THR  76,R THR  76,0.0,0.0,0.0,-0.14597299999999988,0.09782644293679882,0.0017860583172325548,-0.12682066666666644,0.11256490204716985,0.002055144534486479,0.1869893333333331,0.1302548062563873,0.002378116520336279,-0.006744067199999947,0.008286928438023642,0.00015129792126455336,-0.09254840053333324,0.09180800227752517,0.0016761771268962067
LYS  77,R LYS  77,0.0,0.0,0.0,-0.12769633333333308,0.05348563782196418,0.0009765096779213754,-0.28285599999999944,0.22042973921562015,0.004024478017112542,0.4006556666666654,0.2252085902030014,0.0041117274999373605,-0.0002577719999999991,0.001167184173374536,2.1309770017341802e-05,-0.010154438666666646,0.06110959213628838,0.0011157034030995154
ALA  78,R ALA  78,0.0,0.0,0.0,-0.689915999999999,0.2048927043047997,0.0037408118671991546,-0.07599699999999972,0.0766019690195148,0.0013985542127100048,0.012976000000000027,0.07496837171323208,0.0013687289428923142,-0.06659222159999977,0.019733763250280277,0.00036028757588816576,-0.8195292215999993,0.2103861091118111,0.0038411072582094034
PHE  79,R PHE  79,0.0,0.0,0.0,-0.1608763333333331,0.028380222689207008,0.0005181496051299535,-0.03952466666666677,0.03412339458820311,0.0006230050984869517,0.03654466666666675,0.032981621218827584,0.0006021592641547633,0.0,0.0,0.0,-0.16385633333333322,0.046286243743567025,0.0008450673266844675
VAL  80,R VAL  80,0.0,0.0,0.0,-0.6909786666666661,0.28642123212422027,0.005229312326095292,0.03620133333333327,0.0434399063637215,0.0007931005537107493,-0.059765333333333275,0.03197828844005831,0.0005838409976342209,-0.07694693520000001,0.032801743576559295,0.000598875162746057,-0.7914896018666662,0.3266195029736393,0.005963228983326263
VAL  81,R VAL  81,0.0,0.0,0.0,-0.03319666666666691,0.006969360723112192,0.0001272425359813021,-0.014855333333333335,0.010087008388130859,0.00018416273439743656,0.03813633333333379,0.013692324366429727,0.0002499864973390398,0.0,0.0,0.0,-0.00991566666666669,0.006412115190966433,0.00011706867104712871
ALA  82,R ALA  82,0.0,0.0,0.0,-0.005111666666666635,0.0010868289756085277,1.984269153636742e-05,0.009155333333333314,0.006506397228027867,0.00011879001766266489,-0.005046999999999997,0.007054274661508482,0.00012879284529817718,0.0,0.0,0.0,-0.0010033333333333138,0.0027437180775161324,5.009320941634312e-05
HID  83,R HID  83,0.0,0.0,0.0,-0.0017389999999999968,0.0005035331832824748,9.193216097873155e-06,0.0005266666666666676,0.006441735445945863,0.00011760946044083832,0.003864999999999999,0.006356212839943934,0.00011604803842470887,0.0,0.0,0.0,0.0026526666666667254,0.0020485831418051393,3.740183992304931e-05
PRO  84,R PRO  84,0.0,0.0,0.0,-0.000857,0.0003649899541995947,6.663774372596515e-06,-0.0007139999999999981,0.0017493438770007528,3.193850340889517e-05,-0.00023933333333332881,0.002026997670337959,3.700774493515069e-05,0.0,0.0,0.0,-0.0018103333333333745,0.0010556324591868486,1.927312367770962e-05
GLN  85,R GLN  85,0.0,0.0,0.0,-0.0005266666666666628,0.0004992883824893969,9.115716992990334e-06,-0.0010749999999998489,0.0036623364582371327,6.686480971166847e-05,0.0038263333333333318,0.003761760211508529,6.868003079228753e-05,0.0,0.0,0.0,0.0022246666666668772,0.001168556754671647,2.133482980862305e-05
HIE  86,R HIE  86,0.0,0.0,0.0,-0.002985999999999996,0.00091895085106167,1.6777670345501563e-05,0.016037333333333317,0.011271022116718434,0.00020577976864887703,-0.01324933333333325,0.010788411972523646,0.00019696855323366683,0.0,0.0,0.0,-0.00019800000000009987,0.0025454788678491197,4.647387318578915e-05
PRO  87,R PRO  87,0.0,0.0,0.0,-0.0010906666666666597,0.00042869517790094077,7.826867307667848e-06,0.0066529999999999576,0.003301301410050339,6.027324171360609e-05,-0.005176999999999992,0.00332831353691321,6.076641342057228e-05,0.0,0.0,0.0,0.00038533333333332407,0.0009634235251896821,1.7589626572584517e-05
LEU  88,R LEU  88,0.0,0.0,0.0,-0.008648333333333298,0.00285213321724111,5.207259000309127e-05,0.014475999999999992,0.005277318511011744,9.635021305402357e-05,-0.0073043333333333025,0.005689145913247709,0.0001038691183208033,0.0,0.0,0.0,-0.0014766666666666802,0.003473632424742544,6.341956118376192e-05
CYS  89,R CYS  89,0.0,0.0,0.0,-0.001818333333333329,0.0006082739697061768,1.1105512478376236e-05,0.0028136666666666657,0.0048206790554397635,8.801315537190185e-05,-0.0003806666666666761,0.005370948974705381,9.805966362184602e-05,0.0,0.0,0.0,0.0006146666666666888,0.0025581604501846234,4.6705406142789634e-05
ASN  90,R ASN  90,0.0,0.0,0.0,-0.0006349999999999958,0.000486252677798949,8.877718675925862e-06,0.009713333333333518,0.004821737814891497,8.80324855863914e-05,-0.005694333333333302,0.00440260164246348,8.038014104288474e-05,0.0,0.0,0.0,0.003384000000000235,0.0014598666605775048,2.6653396698267904e-05
ALA  91,R ALA  91,0.0,0.0,0.0,-0.0009026666666666586,0.0004931459103438672,9.003571307891876e-06,0.004340333333333317,0.004491975054348445,8.201186883390459e-05,0.00020433333333334116,0.004854336331798841,8.862765035477026e-05,0.0,0.0,0.0,0.003641999999999987,0.0013223095956192406,2.4141959784206414e-05
SER  92,R SER  92,0.0,0.0,0.0,-0.0008763333333333183,0.0006374740953342852,1.1638631394659559e-05,-0.0005789999999999959,0.007224155706147739,0.00013189443463955928,0.006682000000000015,0.009968494169130987,0.00018199897069305865,0.0,0.0,0.0,0.005226666666666661,0.003340352609464378,6.098621580749614e-05
LEU  93,R LEU  93,0.0,0.0,0.0,-0.0026429999999999887,0.0013196783699069353,2.4093920394989174e-05,-0.007862000000000018,0.008856313529529867,0.0001616934232153901,0.014587333333333424,0.009536580775565635,0.00017411334707491367,0.0,0.0,0.0,0.004082333333333325,0.0017989500332754272,3.284418376832069e-05
HIE  94,R HIE  94,0.0,0.0,0.0,-0.029834333333333535,0.0346443004627825,0.0006325154950817547,-0.004407333333333329,0.0585476735622826,0.001068929383317034,0.047978,0.058622500083159654,0.001070295522429834,-0.0010369967999999993,0.0055607909921080246,0.00010152568879830324,0.01269933653333339,0.017509998934920848,0.000319687379951586
SER  95,R SER  95,0.0,0.0,0.0,-0.028266333333333796,0.02555484428744409,0.000466565488992172,-0.0290770000000001,0.04687649451128634,0.0008558437820199544,0.051012666666666574,0.039326358924037644,0.0007179977962413337,-3.9626399999999916e-05,0.00042872135764741116,7.827345282257568e-06,-0.006370293066666662,0.017876753555913182,0.000326383372584478
ILE  96,R ILE  96,0.0,0.0,0.0,-0.5893496666666677,0.36692333813285055,0.006699072972348591,-0.08853033333333347,0.13146976488869558,0.0024002985286479743,0.15581233333333339,0.17497104650357234,0.003194519636009733,-0.13921720560000023,0.06137357872365758,0.001120523116725546,-0.661284872266667,0.40013925629620234,0.007305509893892369
ALA  97,R ALA  97,0.0,0.0,0.0,-0.0286783333333336,0.03476099630172992,0.0006346460598603711,-0.015189999999999993,0.020094242127203087,0.00036686898963465744,0.0348970000000001,0.0285524965224874,0.0005212948806151387,-0.0010838808000000004,0.0045496947961848385,8.30656823211435e-05,-0.010055214133333311,0.025953196278297994,0.0004738383680327645
SER  98,R SER  98,0.0,0.0,0.0,-0.013313666666666727,0.006276087944642683,0.00011458516467223439,0.016118999999999967,0.02083219077133577,0.00038034202692371823,-0.014369000000000047,0.024170784823832222,0.000441296136020548,0.0,0.0,0.0,-0.011563666666666653,0.01158507430082161,0.00021151355083111288
LEU  99,R LEU  99,0.0,0.0,0.0,-0.3460686666666671,0.15780947780437285,0.002881193692718861,0.10441866666666667,0.04964144154053352,0.0009063245772941405,-0.05786433333333347,0.03684118068894546,0.0006726248569486381,-0.03458669520000007,0.01728110432602424,0.0003155083552654529,-0.3341010285333336,0.15130131694520543,0.0027623714757042546
ALA 100,R ALA 100,0.0,0.0,0.0,-0.02569333333333365,0.015401773346670181,0.0002811966229184364,0.017684333333333364,0.014026285605565209,0.00025608376747260245,0.0014116666666666691,0.014750396510678023,0.00026930416336812816,-2.3438400000000002e-05,0.0005973994132951924,1.0906971150070951e-05,-0.006620771733333342,0.015067003489060836,0.00027508458949892205
ASN 101,R ASN 101,0.0,0.0,0.0,-0.005045666666666607,0.0018179423961051007,3.3190935286391845e-05,0.02411766666666684,0.0149882338704586,0.00027364645960043795,-0.00842699999999997,0.015406427370851976,0.00028128159338602123,0.0,0.0,0.0,0.010645000000000238,0.004931292088962781,9.003266382572291e-05
TYR 102,R TYR 102,0.0,0.0,0.0,-0.008132333333333314,0.0024141571107855306,4.407627689795778e-05,-0.015945999999999946,0.014273509869685253,0.00026059744434664124,0.03032866666666669,0.016540414491648996,0.00030198527091871666,0.0,0.0,0.0,0.006250333333333416,0.004430613188061181,8.089155955603292e-05
ARG 103,R ARG 103,0.0,0.0,0.0,-0.005577333333333293,0.0014071316766941558,2.5690592023515185e-05,0.15331833333333364,0.03746295499853524,0.000683976850783289,-0.13336466666666677,0.03734242026911914,0.0006817761977744895,0.0,0.0,0.0,0.014376333333333822,0.004193253298123525,7.655798069050633e-05
GLN 104,R GLN 104,0.0,0.0,0.0,-0.15652233333333343,0.09058191597235227,0.0016537919560031613,0.0876853333333335,0.0722439269758291,0.001318987614913919,0.04648066666666663,0.07757311148988544,0.0014162847672957812,-0.024422913600000377,0.027532304290956114,0.0005026688040084314,-0.04677924693333305,0.059123163790794415,0.0010794363493096917
ILE 105,R ILE 105,0.0,0.0,0.0,-0.019966666666666685,0.006835414317280973,0.00012479702038228544,-0.03845566666666671,0.016046018235756184,0.00029295887152876366,0.051229333333333196,0.01980910749013099,0.0003616631672129763,0.0,0.0,0.0,-0.007193000000000018,0.007281237371949019,0.00013293659850553702
SER 106,R SER 106,0.0,0.0,0.0,-0.029967666666666976,0.012211686529257354,0.00022295387257520745,0.03184533333333338,0.03562575021276329,0.0006504342339858308,0.0056920000000000295,0.03530375526767673,0.0006445554374916126,-0.00017664240000000005,0.001368677053085292,2.4988509863817004e-05,0.007393024266666639,0.014801446150256154,0.0002702361980064432
LEU 107,R LEU 107,0.0,0.0,0.0,-0.06269266666666658,0.02403740584080495,0.0004388609800971768,0.03722799999999988,0.018583918209032473,0.0003392943736639364,-0.018764666666666794,0.02175168847596829,0.0003971296814037667,-0.0005621376000000012,0.0022139383377741658,4.042079895081341e-05,-0.04479147093333342,0.025360248514945692,0.00046301267251908817
GLY 108,R GLY 108,0.0,0.0,0.0,-0.003866999999999995,0.001393309369809976,2.5438232380941044e-05,-0.01098199999999994,0.012095660764643516,0.00022083554162418133,0.022770333333333337,0.011897993663732422,0.00021722665062265945,0.0,0.0,0.0,0.0079213333333333,0.003781685456101512,6.904381432320035e-05
SER 109,R SER 109,0.0,0.0,0.0,-0.0022296666666666598,0.0006024283267649481,1.0998786128308509e-05,-0.004283666666666657,0.008316241131397983,0.00015183309537729865,0.010102333333333302,0.00875990075413082,0.00015993317481813218,0.0,0.0,0.0,0.0035889999999999893,0.002474283532661488,4.5174030150075583e-05
ARG 110,R ARG 110,0.0,0.0,0.0,-0.001496666666666637,0.0005680277770986487,1.0370720893548209e-05,0.11901933333333316,0.04378472670793986,0.0007993960830712524,-0.11171733333333335,0.04316926491022082,0.000788159339408139,0.0,0.0,0.0,0.005805333333332811,0.002763591544027957,5.045604761315478e-05
SER 111,R SER 111,0.0,0.0,0.0,-0.0006616666666666524,0.00047525139546232087,8.676863659350716e-06,0.0045570000000000575,0.005225267233995488,9.53998911017318e-05,-0.0004809999999999952,0.005221587146963387,9.5332702212363e-05,0.0,0.0,0.0,0.0034143333333334384,0.0015878689772424192,2.8990388573277675e-05
GLY 112,R GLY 112,0.0,0.0,0.0,-0.0006416666666666616,0.0004945677124744489,9.029529744532826e-06,0.0040613333333333465,0.0042991749079199625,7.849183585759862e-05,0.0008466666666666679,0.005091085891590863,9.295008616735387e-05,0.0,0.0,0.0,0.0042663333333333615,0.0018712027920267528,3.416333262865668e-05
GLN 113,R GLN 113,0.0,0.0,0.0,-0.0026266666666666387,0.0008925369584630513,1.6295420851908823e-05,-0.012420666666666724,0.013945789312747975,0.0002546141129602178,0.030363333333333402,0.016315963212619456,0.00029788736996587113,0.0,0.0,0.0,0.015315999999999887,0.004624371380703282,8.442908398308325e-05
HID 114,R HID 114,0.0,0.0,0.0,-0.011107666666666686,0.005703105109402032,0.00010412397720808202,0.020086666666666596,0.02101703647573153,0.00038371683232223455,0.02484699999999999,0.016563501773477565,0.0003024067850870162,0.0,0.0,0.0,0.033825999999999946,0.010558806308795748,0.000192776546521843
SER 115,R SER 115,0.0,0.0,0.0,-0.0412713333333339,0.015520063731254356,0.00028335629998419353,0.006105000000000003,0.04209755307615846,0.000768592647852766,0.00782466666666667,0.05122087391766055,0.0009351609353276897,0.0,0.0,0.0,-0.027341666666666677,0.03721483929682985,0.0006794468985601135
ASN 116,R ASN 116,0.0,0.0,0.0,-0.09037400000000016,0.04568756348650295,0.000834136970633568,0.09453133333333344,0.14480800053250553,0.0026438202799624463,0.030304999999999926,0.131744115523237,0.0024053074630214473,-0.00019392719999999992,0.0016573992769819115,3.0259832359858192e-05,0.03426840613333339,0.045615343887809946,0.000832818427190297
LEU 117,R LEU 117,0.0,0.0,0.0,-1.933158333333334,0.5340681859686937,0.009750706423363918,-0.28557466666666753,0.3473288313566195,0.006341327860197606,0.7752956666666676,0.49573291960613136,0.009050803418872438,-0.2608055616000002,0.0387684662714795,0.0007078121165589174,-1.7042428949333333,0.41040975513917016,0.007493022690329842
LEU 118,R LEU 118,0.0,0.0,0.0,-0.8127079999999981,0.3636522524830584,0.006639351392417838,-0.03682666666666676,0.06713757484118381,0.001225758806556923,0.2088093333333338,0.10165515717146406,0.001855960755651464,-0.08338652160000005,0.05849400173706657,0.0010679494743379243,-0.724111854933333,0.35047919172884584,0.00639884530820223
ARG 119,R ARG 119,0.0,0.0,0.0,-0.17123233333333338,0.06227917539506239,0.001137056974223213,-0.513231,0.3527503701472195,0.006440311163264302,0.7823576666666671,0.39749099663751336,0.007257159508785873,-0.0061349424,0.012341510349433002,0.00022532412040226398,0.09175939093333325,0.04397209528212424,0.0008028169495595313
PRO 120,R PRO 120,0.0,0.0,0.0,-0.0678179999999999,0.02524146474883529,0.00046084398758028535,0.06410233333333328,0.03240848440180799,0.0005916952653808185,-0.03347466666666677,0.03359249953321233,0.0006133123252440719,-1.9127999999999646e-06,6.0419864913453146e-05,1.1031107644837735e-06,-0.03719224613333343,0.023499132742360613,0.00042903350282663807
VAL 121,R VAL 121,0.0,0.0,0.0,-0.4710303333333339,0.2808035708697851,0.005126748333112728,0.036350000000000056,0.062317099044590804,0.0011377493621668672,-0.0211266666666667,0.04940688166192613,0.0009020421194075091,-0.1145999639999998,0.0744294465905149,0.0013588895613416995,-0.5704069640000011,0.3480823019947153,0.0063550842890277015
SER 122,R SER 122,0.0,0.0,0.0,-0.023567666666666792,0.009317336237119639,0.00017011050776435764,0.05031499999999997,0.02276896517191748,0.0004157025278569565,-0.034254000000000215,0.02683450795772701,0.0004899288442666323,0.0,0.0,0.0,-0.007506666666666673,0.011933815632711849,0.00021788066730480218
ASP 123,R ASP 123,0.0,0.0,0.0,-0.0042043333333332935,0.0013997313631157026,2.5555481400864164e-05,-0.12239700000000016,0.081896858248653,0.001495225221719676,0.14180133333333308,0.08000095748315932,0.0014606109678512692,0.0,0.0,0.0,0.015199999999999977,0.00732029143317857,0.0001336496248487908
LYS 124,R LYS 124,0.0,0.0,0.0,-0.003609999999999964,0.0010118794394592878,1.8474306482251165e-05,0.12551966666666647,0.042112115595027054,0.0007688585218553803,-0.11142833333333312,0.040638711395526744,0.0007419579646424082,0.0,0.0,0.0,0.010481333333333315,0.004560005653017882,8.325393195029897e-05
VAL 125,R VAL 125,0.0,0.0,0.0,-0.006928999999999975,0.0018821864059297667,3.4363865065243616e-05,0.0136696666666666,0.00510168729169313,9.314364036659219e-05,-0.0032016666666666634,0.0055896628302211015,0.00010205281403200889,0.0,0.0,0.0,0.003538999999999961,0.002595472789300622,4.738663313636012e-05
LEU 126,R LEU 126,0.0,0.0,0.0,-0.003564333333333337,0.0009404934284134431,1.717098219758043e-05,-0.01629066666666664,0.005180557842120367,9.458361301965373e-05,0.015457333333333432,0.005406309236027242,9.870525071402139e-05,0.0,0.0,0.0,-0.004397666666666653,0.0021635298061783207,3.95004692892882e-05
PHE 127,R PHE 127,0.0,0.0,0.0,-0.006305666666666673,0.0021187027215305797,3.868204244099616e-05,0.008614666666666588,0.0062596739709207695,0.00011428548788337475,-0.0011186666666666578,0.00641242945813485,0.00011707440875436956,0.0,0.0,0.0,0.0011903333333333436,0.0025406245732540076,4.6385246297438544e-05
VAL 128,R VAL 128,0.0,0.0,0.0,-0.004586666666666611,0.0011380490128091512,2.0777837195401926e-05,-0.008395000000000005,0.009288719412994053,0.00016958803842776626,0.012118333333333401,0.008929258865599572,0.00016302521674972919,0.0,0.0,0.0,-0.0008633333333333403,0.0024997310966492652,4.563863697773097e-05
GLU 129,R GLU 129,0.0,0.0,0.0,-0.003277333333333299,0.0008309148906812396,1.5170360966435135e-05,-0.1746076666666668,0.04433707712387896,0.0008094805758198259,0.18205900000000053,0.0445976851305049,0.0008142386052830086,0.0,0.0,0.0,0.0041739999999998,0.003076424981478691,5.6167578627609734e-05
ASN 130,R ASN 130,0.0,0.0,0.0,-0.007384666666666625,0.002531804012074341,4.622420561983995e-05,-0.008781333333333417,0.01244971960416071,0.00022729974206043695,0.010557333333333333,0.015660035532810587,0.000285911823755093,0.0,0.0,0.0,-0.005608666666666804,0.007514132787990359,0.00013718866760238345
PHE 131,R PHE 131,0.0,0.0,0.0,-0.37111633333333227,0.14376440959624143,0.00262476700340912,-0.005973666666666638,0.061894563357553695,0.0011300349512621617,0.06707866666666665,0.0627419993164246,0.0011455069442859822,-0.020348611199999946,0.015340416804398689,0.00028007641084334923,-0.3303599445333333,0.15109504336752383,0.0027586054526538045
ASP 132,R ASP 132,0.0,0.0,0.0,-0.003754999999999968,0.0009378921402094644,1.7123489389984055e-05,-0.22646066666666703,0.03984875304893652,0.0007275353644451766,0.23281666666666687,0.04210884771108321,0.0007687988587303352,0.0,0.0,0.0,0.002600999999999826,0.0078468124526248,0.00014326253949383468
ASP 133,R ASP 133,0.0,0.0,0.0,-0.0022813333333333383,0.0006182110391191516,1.1286937714142266e-05,-0.18277900000000002,0.027089348933972263,0.0004945815826421711,0.1886196666666661,0.027656759509307058,0.0005049410350247661,0.0,0.0,0.0,0.0035593333333333445,0.0032300381146701074,5.89721579002092e-05
MET 134,R MET 134,0.0,0.0,0.0,-0.03937500000000019,0.01196811214575287,0.00021850683309934676,0.024730666666666665,0.025967636130811347,0.0004741020024643849,-0.017957666666666667,0.03646365141556108,0.0006657321469769328,-2.8939200000000002e-05,0.00031140619772791934,5.6854733014165145e-06,-0.03263093920000001,0.017043363942891316,0.0003111678295763921
LEU 135,R LEU 135,0.0,0.0,0.0,-0.012336999999999947,0.0035092398512116874,6.406966087349047e-05,0.012098666666666721,0.004486304888831667,8.190834624862702e-05,-0.010363666666666766,0.005741551464736447,0.00010482590841043265,0.0,0.0,0.0,-0.010602000000000009,0.0052179430174480014,9.52661698144281e-05
ARG 136,R ARG 136,0.0,0.0,0.0,-0.001724666666666664,0.0005008574869383078,9.144364789715342e-06,0.17033566666666647,0.03031848162242027,0.0005535372097968469,-0.15902299999999953,0.029295650490589843,0.000534862953682778,0.0,0.0,0.0,0.00958799999999989,0.002797544637714092,5.107594345678752e-05
LEU 137,R LEU 137,0.0,0.0,0.0,-0.0020380000000000107,0.0005807087623469305,1.0602242949277349e-05,0.009995000000000032,0.002834485550030668,5.175038915580783e-05,-0.0031613333333333315,0.0030945066740202237,5.649770365703874e-05,0.0,0.0,0.0,0.004795666666666681,0.0020470909169409495,3.737459574908308e-05
VAL 138,R VAL 138,0.0,0.0,0.0,-0.006088666666666617,0.0012509216158056828,2.2838599554919445e-05,0.009233999999999994,0.004579145917453635,8.360338376990151e-05,1.733333333333345e-05,0.004953150467687768,9.043174139566178e-05,0.0,0.0,0.0,0.00316266666666664,0.002539988101459446,4.637362596546863e-05
GLU 139,R GLU 139,0.0,0.0,0.0,-0.0014793333333333188,0.0005048823845434196,9.217849030047617e-06,-0.13322233333333292,0.04499795070766,0.0008215464214696978,0.1350889999999999,0.04462389956439678,0.0008147172131755024,0.0,0.0,0.0,0.0003873333333333117,0.002949910657780844,5.3857753663049025e-05
ALA 140,R ALA 140,0.0,0.0,0.0,-0.00047633333333333224,0.0004994395748124881,9.118477374519625e-06,0.0050103333333333085,0.0017950561427307534,3.2773091378728226e-05,-0.0019236666666666733,0.0017589314622488898,3.211354796597545e-05,0.0,0.0,0.0,0.0026103333333333226,0.001067938772693625,1.9497805194622684e-05
GLY 141,R GLY 141,0.0,0.0,0.0,-0.0005436666666666672,0.0004980895724889326,9.093829817009766e-06,0.002164999999999993,0.00301337711988839,5.501648742776068e-05,0.003994000000000004,0.0029939879759277566,5.466249171049555e-05,0.0,0.0,0.0,0.005615333333333324,0.0011977888888372765,2.186853311817414e-05
VAL 142,R VAL 142,0.0,0.0,0.0,-0.0013166666666666414,0.0004772024960352986,8.712485719210087e-06,0.00025766666666665356,0.0030151740506238712,5.5049294744363926e-05,0.006366333333333325,0.0028714920434428125,5.242603219634109e-05,0.0,0.0,0.0,0.0053073333333332525,0.0017690523514646405,3.2298329276824694e-05
GLY 143,R GLY 143,0.0,0.0,0.0,-0.002563333333333351,0.0006663249124030778,1.2165372838360652e-05,0.019215666666666548,0.006949279666907551,0.0001268759077325751,-0.0157536666666668,0.009384436755725877,0.00017133559001972204,0.0,0.0,0.0,0.0008986666666666648,0.00502822681358838,9.180244166848932e-05
TRP 144,R TRP 144,0.0,0.0,0.0,-0.3533563333333337,0.18834725029376348,0.0034387345876655258,-0.06035133333333315,0.07673415079495097,0.001400967510713254,0.18290366666666683,0.0957356797988894,0.001747886379464779,-0.04113213360000001,0.020267608589283368,0.0003700342137011986,-0.27193613359999985,0.18564623823076265,0.003389421079832222
GLY 145,R GLY 145,0.0,0.0,0.0,-0.0637163333333332,0.022761279985000167,0.00041556221618251467,0.06540433333333319,0.03820202675106286,0.0006974703931324306,-0.04310733333333345,0.03615346658651433,0.0006600689727147732,-1.1728799999999997e-05,0.00016164516216255902,2.951223387600471e-06,-0.04143106213333347,0.022743821089702302,0.00041524346182305596
ILE 146,R ILE 146,0.0,0.0,0.0,-2.2657000000000007,0.4395993691229937,0.008025949691123455,-0.4136196666666671,0.1652924832326688,0.0030178140550859043,0.4363383333333334,0.22418442674999256,0.00409302891907785,-0.2756186856000003,0.05532773799886628,0.0010101416719238267,-2.5186000189333333,0.4595881014315745,0.008390892343834857
ALA 147,R ALA 147,0.0,0.0,0.0,-0.4362133333333337,0.15652010250727824,0.0028576530282085734,0.20993900000000018,0.1367345016653319,0.0024964190317109994,-0.15239300000000006,0.06193983546689938,0.0011308615031126441,-0.005133134400000004,0.006126347048675671,0.00011185128245549549,-0.38380046773333326,0.1488388144943059,0.0027174125376952735
PRO 148,R PRO 148,0.0,0.0,0.0,-0.6367003333333344,0.20460972085058515,0.0037356453198233537,0.22017499999999998,0.0895200892258267,0.001634405740628682,-0.1435656666666664,0.04736088774388573,0.0008646875520265389,-0.03985310400000002,0.01683306615242466,0.00030732833478865605,-0.5999441039999999,0.21123231093252925,0.0038565567190563792
HIE 149,R HIE 149,0.0,0.0,0.0,-0.04106133333333349,0.01400919596392068,0.00025577175473165615,0.03434399999999997,0.02966684452381137,0.0005416399985230032,-0.015266666666666642,0.035779280161692566,0.0006532372945285368,0.0,0.0,0.0,-0.021983999999999976,0.021157577303021584,0.0003862827450341412
TYR 150,R TYR 150,0.0,0.0,0.0,-0.02082133333333334,0.011936306445276589,0.0002179261431124097,0.06557966666666663,0.028380621085914146,0.000518156878825398,-0.03792266666666682,0.024293922824900206,0.00044354431804958237,0.0,0.0,0.0,0.006835666666666672,0.008792231109842947,0.00016052344365532212
PHE 151,R PHE 151,0.0,0.0,0.0,-0.026831666666666858,0.007287248947456327,0.00013304635435592028,0.02924600000000018,0.014182130211407478,0.0002589290876754462,0.004921666666666661,0.017101623623374442,0.0003122315009495138,0.0,0.0,0.0,0.007336000000000006,0.0054622740075295695,9.972702297326962e-05
VAL 152,R VAL 152,0.0,0.0,0.0,-0.016033999999999993,0.0037811167662479004,6.903343151449878e-05,0.009181333333333343,0.009474164073356982,0.00017297377921608829,-0.00015000000000000102,0.009882619423344514,0.0001804311195134829,0.0,0.0,0.0,-0.007002666666666628,0.005634772360579897,0.00010287639760987478
GLU 153,R GLU 153,0.0,0.0,0.0,-0.0036996666666666415,0.0009498069394472005,1.7341022867005834e-05,-0.08435633333333345,0.08083453073958466,0.0014758298637138425,0.09532233333333333,0.07998723086357129,0.0014603603552117142,0.0,0.0,0.0,0.0072663333333333,0.003994170738575,7.292324706815323e-05
GLU 154,R GLU 154,0.0,0.0,0.0,-0.0011049999999999968,0.0003811933017949219,6.959605672098441e-06,-0.08473366666666635,0.04275054073602162,0.0007805145168887516,0.08819200000000009,0.04311209191553304,0.0007871155081124518,0.0,0.0,0.0,0.0023533333333334667,0.002004450603587523,3.659609369965773e-05
ARG 155,R ARG 155,0.0,0.0,0.0,-0.0030233333333333306,0.0006763546078470893,1.2348489186347047e-05,0.1820973333333329,0.0614861653237739,0.0011225786574107634,-0.15350666666666676,0.059165778021495384,0.0010802143751572132,0.0,0.0,0.0,0.02556733333333316,0.006679281365203981,0.0001219464357215374
LEU 156,R LEU 156,0.0,0.0,0.0,-0.003863999999999984,0.0011290869467552242,2.0614213004082355e-05,0.0027466666666666876,0.0048247095479646614,8.808674176102661e-05,0.0006733333333333314,0.005118654337052095,9.345341481583613e-05,0.0,0.0,0.0,-0.00044400000000002494,0.0017596014700304225,3.21257805784971e-05
ARG 157,R ARG 157,0.0,0.0,0.0,-0.0008439999999999905,0.00043397081315066935,7.923186788716039e-06,0.08146466666666627,0.04794735395781078,0.0008753949111792523,-0.07793899999999997,0.047458268815876704,0.0008664654790199887,0.0,0.0,0.0,0.0026816666666659235,0.002079823042685346,3.7972199869926465e-05
ASN 158,R ASN 158,0.0,0.0,0.0,-0.00039900000000000314,0.0004896927608204977,8.940525711612286e-06,0.007201999999999956,0.004558420340425026,8.322498823470551e-05,-0.0033980000000000026,0.0045190260012529645,8.250574929462058e-05,0.0,0.0,0.0,0.0034049999999999515,0.0012267742253570257,2.239773053979897e-05
GLY 159,R GLY 159,0.0,0.0,0.0,-0.00030600000000000077,0.00046082968654374243,8.413560482934755e-06,8.233333333333182e-05,0.0024470842286734153,4.4677441071985324e-05,0.003928333333333331,0.0025358490798065504,4.629805811462553e-05,0.0,0.0,0.0,0.0037046666666666777,0.0010299408828773188,1.880406181495646e-05
THR 160,R THR 160,0.0,0.0,0.0,-0.000761999999999999,0.0004274217277272045,7.803617394800707e-06,-0.00135500000000003,0.0020664724371095237,3.772845227558539e-05,0.008181333333333382,0.003043537123516275,5.556713123847503e-05,0.0,0.0,0.0,0.006064333333333308,0.0021328059504378623,3.893953099453542e-05
LEU 161,R LEU 161,0.0,0.0,0.0,-0.0038603333333333567,0.0006948572195459278,1.2686299113020809e-05,0.005838666666666654,0.004874898790972285,8.900306777900607e-05,0.006800333333333325,0.005660665439877412,0.0001033491383970254,0.0,0.0,0.0,0.008778666666666638,0.002273106147005595,4.150105041062062e-05
ALA 162,R ALA 162,0.0,0.0,0.0,-0.002959666666666657,0.00064501154167129,1.1776245707484966e-05,-0.008652333333333265,0.005885473180259704,0.00010745354741399696,0.00925066666666674,0.006503422141884363,0.00011873570026962094,0.0,0.0,0.0,-0.0023613333333333225,0.0026594682843673082,4.855502567725128e-05
VAL 163,R VAL 163,0.0,0.0,0.0,-0.012534666666666692,0.002705081309107941,4.9387801762800804e-05,-0.01811233333333331,0.014694932728287315,0.0002682915378767965,0.03850766666666692,0.01855442286596001,0.00033875586483919835,0.0,0.0,0.0,0.007860666666666707,0.009796219656354953,0.00017885368280203714
LEU 164,R LEU 164,0.0,0.0,0.0,-0.043178000000000445,0.015281000708940179,0.00027899162631796567,-0.01351299999999999,0.027709080900191262,0.0005058962885590103,0.03870133333333354,0.035140453396176684,0.0006415739668681665,-7.404000000000009e-06,0.00022457524419223083,4.100164236710529e-06,-0.01799707066666667,0.025861344007582842,0.00047216138267847254
SER 165,R SER 165,0.0,0.0,0.0,-0.10424233333333367,0.04395958304194983,0.0008025885083532496,-0.0095546666666667,0.023842434402179157,0.00043530130493035747,0.029466000000000152,0.029006668957327644,0.0005295868968671069,-0.0004240440000000012,0.001779085868996772,3.248151540627376e-05,-0.08475504400000003,0.0407507242389787,0.0007440030300120392
GLU 166,R GLU 166,0.0,0.0,0.0,-0.013096666666666684,0.0038793455920064926,7.082683630333962e-05,0.13338633333333355,0.14195932426774746,0.002591810804987861,-0.10457899999999995,0.1427355845342476,0.0026059833136030976,0.0,0.0,0.0,0.01571066666666684,0.008794143101456325,0.00016055835168653573
LEU 167,R LEU 167,0.0,0.0,0.0,-0.015523333333333469,0.005801332222476937,0.00010591735072773991,0.015587999999999956,0.020685121609504715,0.00037765692367544335,-0.004864333333333356,0.025418063023937985,0.0004640682162099603,0.0,0.0,0.0,-0.004799666666666683,0.011101780632953568,0.00020268985603808833
TYR 168,R TYR 168,0.0,0.0,0.0,-0.9657696666666673,0.44775953436328414,0.008174933243626009,-0.00698466666666666,0.3257755031176459,0.005947819724670974,0.5066319999999997,0.2278438044860293,0.004159839710159834,-0.17422796399999974,0.07142205408828187,0.0013039823375835349,-0.6403502973333332,0.40233783345005775,0.0073456502372784395
GLU 169,R GLU 169,0.0,0.0,0.0,-0.056556333333333556,0.02833908067002491,0.0005173984580643754,0.578899333333333,0.23506336989463633,0.0042916503378157694,-0.5052256666666664,0.22218833769549878,0.004056585485680003,-0.0002556840000000001,0.003516695894089224,6.420578896928221e-05,0.016861649333333225,0.02467317340376783,0.00045046845461600536
PRO 170,R PRO 170,0.0,0.0,0.0,-0.008031999999999992,0.0021454547303544143,3.9170465064042546e-05,0.009201666666666669,0.02252630308229814,0.00041127214451242814,0.002514333333333296,0.02316266668345612,0.00042289050115007634,0.0,0.0,0.0,0.00368399999999994,0.0039209876306869635,7.158711243419951e-05
GLY 171,R GLY 171,0.0,0.0,0.0,-0.005700000000000068,0.001071136468117694,1.955618685848247e-05,-0.02982200000000005,0.012327867455484594,0.00022507503637675755,0.04276500000000052,0.014316695673232618,0.00026138590563887053,0.0,0.0,0.0,0.00724299999999998,0.004486864272518192,8.19185591507407e-05
GLY 172,R GLY 172,0.0,0.0,0.0,-0.026104333333333556,0.005193340083434029,9.481698374975263e-05,-0.022746000000000013,0.035341903608417345,0.0006452519277167802,0.058887333333333396,0.033423264944579326,0.0006102225385205917,0.0,0.0,0.0,0.010036999999999987,0.020885536406805454,0.00038131598052009135
ILE 173,R ILE 173,0.0,0.0,0.0,-1.4852836666666647,0.3898579030021388,0.007117798923197747,-0.44950500000000093,0.18096387109494008,0.0033039331430718593,0.46427733333333365,0.12725576772608557,0.0023233618185404988,-0.18788890320000007,0.060681828553966546,0.0011078935443222858,-1.6584002365333357,0.4151910391210228,0.007580316593353136
ASP 174,R ASP 174,0.0,0.0,0.0,-0.17512100000000003,0.06377670702537011,0.0011643980360397804,0.8519036666666678,0.5023459017979751,0.009171539402834198,-0.6193886666666669,0.4520470406254425,0.008253212040133635,-0.007824228000000022,0.010186318321129383,0.0001859758774136905,0.04956977199999994,0.07503396375200146,0.001369926484199872
THR 175,R THR 175,0.0,0.0,0.0,-0.7018820000000008,0.42508484652204054,0.007760951976458101,-2.028056666666666,1.217335724491082,0.02222540787868866,1.129439999999998,0.3420198021557717,0.0062443986918056735,-0.07638952319999999,0.022469119820792617,0.0004102281257711517,-1.6768881898666652,1.061273582659912,0.019376116030238578
LYS 176,R LYS 176,0.0,0.0,0.0,-0.05495333333333332,0.012239954611389275,0.00022346997478324282,-0.4991179999999991,0.1532657824695443,0.0027982375450749755,0.5742670000000009,0.15954947731346752,0.002912961592091497,-1.9104000000000156e-06,7.798797632866296e-05,1.423859128312921e-06,0.020193756266666647,0.013635403341419685,0.00024894726635922923
VAL 177,R VAL 177,0.0,0.0,0.0,-0.02099000000000001,0.00724761340028529,0.0001323227115804324,0.01861033333333331,0.010077854924977184,0.00018399561578915123,-0.012743666666666705,0.01040730319962332,0.0001900104908409794,0.0,0.0,0.0,-0.015123333333333372,0.008777288242326714,0.0001602506254682404
TYR 178,R TYR 178,0.0,0.0,0.0,-0.016745666666666572,0.002983674673211237,5.447419742582165e-05,-0.04380000000000009,0.02657911460777667,0.00048526602097314524,0.04980533333333332,0.02772236350353656,0.000506138794608164,0.0,0.0,0.0,-0.010740333333333353,0.006946239262283627,0.0001268203977926929
CYS 179,R CYS 179,0.0,0.0,0.0,-0.0012093333333333366,0.00043302758444342253,7.905965867387855e-06,0.006220999999999994,0.004000603162857678,7.30406865307888e-05,-0.0011580000000000039,0.004102970793624233,7.490965521509553e-05,0.0,0.0,0.0,0.003853666666666719,0.0015990371755806273,2.9194291045161948e-05
TYR 180,R TYR 180,0.0,0.0,0.0,-0.00325133333333333,0.0005984687868962616,1.092649515152782e-05,-0.0005006666666666367,0.00831071594723071,0.00015173221977720578,-0.0026969999999999963,0.009368236635923847,0.00017103981765139342,0.0,0.0,0.0,-0.006448999999999999,0.002559960741886465,4.673827482196257e-05
TYR 181,R TYR 181,0.0,0.0,0.0,-0.0004280000000000032,0.0004947888438515994,9.03356703264741e-06,0.0027496666666667006,0.0021218702180439966,3.873987275070341e-05,-0.0034096666666666594,0.002254737210605433,4.116568104982907e-05,0.0,0.0,0.0,-0.0010879999999999976,0.0008784015786263777,1.603734530539383e-05
ASN 182,R ASN 182,0.0,0.0,0.0,-0.00014533333333333244,0.00035243659792302226,6.434582492427255e-06,0.003315999999999884,0.0023062546838254518,4.2106257122771486e-05,-0.0031070000000000017,0.002318379678424847,4.232762822449539e-05,0.0,0.0,0.0,6.366666666643302e-05,0.0007077757805653396,1.2922158689048768e-05
THR 183,R THR 183,0.0,0.0,0.0,-7.800000000000046e-05,0.0002681715868618465,4.896120913539645e-06,-0.0004166666666667377,0.001448811773680648,2.645156300079868e-05,0.00033466666666666194,0.0014392121301446674,2.627629829050984e-05,0.0,0.0,0.0,-0.00016000000000005626,0.0006343500610861803,1.1581594593722699e-05
ALA 184,R ALA 184,0.0,0.0,0.0,-4.433333333333334e-05,0.00020583461538062266,3.7580087319788947e-06,0.00028499999999999874,0.0010131345748056672,1.8497222013648967e-05,-0.00022833333333333153,0.0010083966922242748,1.841072050816099e-05,0.0,0.0,0.0,1.2333333333299853e-05,0.0006192855202211363,1.1306554965381267e-05
LEU 185,R LEU 185,0.0,0.0,0.0,-0.00010766666666666932,0.00030995895785661715,5.6590504372954115e-06,0.00010299999999999798,0.0010248858473020383,1.8711769914504052e-05,5.599999999999981e-05,0.0010123556687251748,1.848300119930018e-05,0.0,0.0,0.0,5.133333333332598e-05,0.0006480984150232695,1.1832604046386325e-05
GLU 186,R GLU 186,0.0,0.0,0.0,-6.633333333333399e-05,0.00024886386282910454,4.543611713979066e-06,0.04065400000000012,0.022456067123756425,0.0004099898172177183,-0.040705000000000074,0.022351017314654876,0.0004080718788808339,0.0,0.0,0.0,-0.00011733333333334173,0.0006420536495408872,1.1722242232735344e-05
SER 187,R SER 187,0.0,0.0,0.0,-2.3000000000000122e-05,0.00014990330216509658,2.73684733467788e-06,6.3333333333370764e-06,0.0010584390498381093,1.932436477802224e-05,-2.2333333333334945e-05,0.0010648166769710015,1.9440803786156974e-05,0.0,0.0,0.0,-3.9000000000007656e-05,0.0005900386992958005,1.0772583513510583e-05
GLU 188,R GLU 188,0.0,0.0,0.0,-4.066666666666515e-05,0.0001975168065985422,3.6061470153468935e-06,0.005525333333333334,0.014640424341148404,0.0002672963554364897,-0.005532000000000028,0.014593799231180437,0.0002664451012873025,0.0,0.0,0.0,-4.7333333333263283e-05,0.0006124482744598974,1.118172450756003e-05
ARG 189,R ARG 189,0.0,0.0,0.0,-4.199999999999852e-05,0.00020058913230780259,3.6622397518457257e-06,-0.016145000000000246,0.013634440765942927,0.00024892969221583186,0.01616733333333332,0.013599999983660098,0.00024830089243735087,0.0,0.0,0.0,-1.966666666673215e-05,0.0006153155468718939,1.1234073500178787e-05
SER 190,R SER 190,0.0,0.0,0.0,-4.166666666666689e-05,0.00019982631347136427,3.6483126490454885e-06,-0.0007649999999999787,0.001152869608122847,2.104842300770081e-05,0.0009023333333333312,0.0011486780324452275,2.097189565603007e-05,0.0,0.0,0.0,9.566666666666187e-05,0.0006070539972322121,1.1083238930258708e-05
PHE 191,R PHE 191,0.0,0.0,0.0,-0.00020700000000000118,0.00040515552569353274,7.397094024007059e-06,-0.0014149999999999929,0.001004377916921701,1.8337348045268842e-05,0.0013833333333333193,0.0010074996553625154,1.8394342930691013e-05,0.0,0.0,0.0,-0.00023866666666669427,0.000725973981780536,1.3254410866101467e-05
LEU 192,R LEU 192,0.0,0.0,0.0,-9.266666666666856e-05,0.0002899647488153671,5.2940077935831985e-06,-0.00025300000000000366,0.0011022663017619912,2.01245372617613e-05,8.63333333333275e-05,0.0011022158993994138,2.0123617044730127e-05,0.0,0.0,0.0,-0.0002593333333333514,0.0006450422897420073,1.1776807087882687e-05
ARG 193,R ARG 193,0.0,0.0,0.0,-8.200000000000133e-05,0.0002743647207641726,5.009191551538112e-06,0.00012599999999990055,0.014237490087792858,0.0002599398161113452,0.0001716666666666673,0.014062154785886205,0.00025673864611197014,0.0,0.0,0.0,0.00021566666666663535,0.0007046189671641571,1.286452342539336e-05
PHE 194,R PHE 194,0.0,0.0,0.0,-0.00031533333333333413,0.0004646484931883744,8.483282034335271e-06,-0.0003203333333333512,0.0014225750907733775,2.5972548898717936e-05,0.00048666666666666503,0.0014730316433200707,2.6893755298843558e-05,0.0,0.0,0.0,-0.00014900000000005805,0.0007904422812578775,1.4431435595026083e-05
LEU 195,R LEU 195,0.0,0.0,0.0,-0.0003406666666666625,0.0004739334224222697,8.652800873876725e-06,-0.0028763333333334156,0.001852846428846535,3.38281928224046e-05,0.0031940000000000002,0.0019119877963348513,3.4907961524239715e-05,0.0,0.0,0.0,-2.3000000000092205e-05,0.0008281330408415877,1.5119571569476153e-05
GLU 196,R GLU 196,0.0,0.0,0.0,-0.00016433333333333783,0.00037057777711149345,6.7657935944695535e-06,0.036799666666666765,0.02431950245973132,0.0004440113361499072,-0.0367140000000001,0.02409002983255379,0.0004398217583420703,0.0,0.0,0.0,-7.866666666669412e-05,0.0008011314221497233,1.4626591714586578e-05
SER 197,R SER 197,0.0,0.0,0.0,-0.00010700000000000095,0.00030911324785586503,5.643609955811423e-06,-0.0003909999999999636,0.0021998755267817667,4.016404832406446e-05,0.0010433333333333304,0.002266595587120823,4.1382184393591356e-05,0.0,0.0,0.0,0.0005453333333333762,0.0007270567760192776,1.3274179893757982e-05
ALA 198,R ALA 198,0.0,0.0,0.0,-0.00024566666666666465,0.000430481771455603,7.85948589403391e-06,-0.0028396666666666683,0.002364027613111914,4.316104167554969e-05,0.004588666666666689,0.002606940394834834,4.7596002010748755e-05,0.0,0.0,0.0,0.0015033333333333153,0.000915781390701709,1.6719804181025926e-05
ARG 199,R ARG 199,0.0,0.0,0.0,-0.0006906666666666812,0.0004622188034061428,8.438922170953004e-06,-0.05981133333333295,0.03622288970005325,0.0006613364595580236,0.06470566666666674,0.037078758985285155,0.0006769624233512681,0.0,0.0,0.0,0.004203666666667582,0.0023110286069676824,4.219341663586468e-05
GLN 200,R GLN 200,0.0,0.0,0.0,-0.00023800000000000232,0.0004258591316386263,7.775088423934586e-06,-0.0004833333333333627,0.004144521149126146,7.566825744778742e-05,0.001415000000000004,0.004064575623604522,7.420865852446081e-05,0.0,0.0,0.0,0.0006936666666666582,0.0008976784254707219,1.6389290767201147e-05
ARG 201,R ARG 201,0.0,0.0,0.0,-0.000320999999999994,0.0004668607929565252,8.523672917234594e-06,0.02255699999999978,0.019923806973902777,0.0003637572836995098,-0.019565999999999965,0.019687431963903594,0.0003594416861992744,0.0,0.0,0.0,0.0026699999999997884,0.0011887388274977378,2.170330236009178e-05
LEU 202,R LEU 202,0.0,0.0,0.0,-0.0012903333333333376,0.0005471500911287849,9.989548241741426e-06,-0.003965999999999958,0.0044486152152476595,8.12202301017281e-05,0.007628000000000031,0.004648327584554836,8.486646242447286e-05,0.0,0.0,0.0,0.0023716666666666747,0.0014026869057474918,2.5609441979834135e-05
ARG 203,R ARG 203,0.0,0.0,0.0,-0.0008943333333333253,0.0003947588574757003,7.207277700480264e-06,-0.059691666666666636,0.036308152397988507,0.0006628931363237865,0.06353366666666678,0.036442633456189644,0.0006653484132949173,0.0,0.0,0.0,0.0029476666666665495,0.0017737703408904214,3.238446758464373e-05
GLU 204,R GLU 204,0.0,0.0,0.0,-0.0005256666666666603,0.0005125178587674242,9.357253079038837e-06,0.011161333333333384,0.03656977766164595,0.0006676697382744005,-0.010121999999999961,0.03615210158944187,0.000660044051391856,0.0,0.0,0.0,0.0005136666666666656,0.0014977137762454385,2.734438733119572e-05
LEU 205,R LEU 205,0.0,0.0,0.0,-0.0015789999999999982,0.0010032076886999008,1.8315982698785207e-05,-0.0052746666666666645,0.013011144897954068,0.00023754991865258983,0.011376666666666663,0.014836647944270377,0.0002708788918946512,0.0,0.0,0.0,0.0045229999999999776,0.002189247435383411,3.997000681066092e-05
GLY 206,R GLY 206,0.0,0.0,0.0,-0.0015579999999999962,0.0013961742966645185,2.5490538549735553e-05,-0.0001453333333333396,0.011996647235327378,0.0002190278101740264,0.0046249999999999885,0.01273516293574606,0.00023251120044706105,0.0,0.0,0.0,0.002921666666666655,0.0028263398985653326,5.1601670587369856e-05
ARG 207,R ARG 207,0.0,0.0,0.0,-0.0015400000000000004,0.001458446662263206,2.6627471194655882e-05,-0.033099666666666756,0.04056816157064842,0.0007406699069586116,0.03811999999999994,0.042447665031974065,0.0007749847883811815,0.0,0.0,0.0,0.0034803333333329554,0.003476532739510234,6.347251344449955e-05
GLN 208,R GLN 208,0.0,0.0,0.0,-0.0012376666666666638,0.0009854852724532038,1.799241712705814e-05,-0.010255333333333432,0.01678332917576924,0.00030642026598678,0.018165,0.020570685655401297,0.0003755676185603744,0.0,0.0,0.0,0.006671999999999822,0.004245674190671387,7.751505086827362e-05
ARG 209,R ARG 209,0.0,0.0,0.0,-0.004172000000000004,0.0019764655322063954,3.608515853736321e-05,0.03363333333333342,0.10402783067792701,0.0018992796490209518,-0.012630000000000042,0.10135880047303887,0.0018505500473582897,0.0,0.0,0.0,0.016831333333333247,0.010251319503144386,0.00018716263120216104
PHE 210,R PHE 210,0.0,0.0,0.0,-0.003705999999999994,0.0029464493886710223,5.379455982408085e-05,-0.00019000000000000971,0.011111941024561455,0.00020287535856064587,0.0003986666666666512,0.009107235121350258,0.0001662746037488945,0.0,0.0,0.0,-0.003497333333333333,0.006354735207351739,0.00011602106066796056
ASP 211,R ASP 211,0.0,0.0,0.0,-0.00093733333333332,0.0006382838100893964,1.1653414695876864e-05,0.012411333333333502,0.1922744639091616,0.003510435370508692,0.0017869999999996368,0.1879689007016852,0.0034318269007920545,0.0,0.0,0.0,0.01326099999999966,0.005978088797154864,0.00010914446949902147
L9C 212,L L9C   1,0.0,0.0,0.0,-16.059002333333353,1.6026853557890224,0.02926089739829468,-1.6546710000000049,1.0947232076765558,0.019986819835628743,9.63142533333332,0.8979937077127242,0.01639504700706533,-3.1399502159999964,0.1933918875120309,0.0035308366409613655,-11.222198215999976,1.8432947030292328,0.033653802965963237

