#Res        AtomicFlx
   1.000       6.4482
   2.000       4.8192
   3.000       2.8368
   4.000       1.7379
   5.000       1.0884
   6.000       0.9666
   7.000       0.6020
   8.000       0.5884
   9.000       0.6738
  10.000       0.6372
  11.000       0.7340
  12.000       0.7159
  13.000       0.7849
  14.000       0.7804
  15.000       0.8602
  16.000       0.8444
  17.000       0.7030
  18.000       0.7341
  19.000       0.7834
  20.000       0.7223
  21.000       0.6882
  22.000       0.8070
  23.000       0.8189
  24.000       0.6822
  25.000       0.7634
  26.000       1.0212
  27.000       1.1565
  28.000       1.0615
  29.000       1.1127
  30.000       1.5553
  31.000       1.6035
  32.000       1.1738
  33.000       1.1173
  34.000       0.8889
  35.000       0.7414
  36.000       0.7234
  37.000       0.7366
  38.000       0.8860
  39.000       0.7982
  40.000       0.7798
  41.000       0.7004
  42.000       0.6125
  43.000       0.6698
  44.000       0.7020
  45.000       0.6957
  46.000       0.8691
  47.000       1.0567
  48.000       1.7496
  49.000       2.3061
  50.000       2.3935
  51.000       1.8320
  52.000       1.2141
  53.000       0.8338
  54.000       0.8655
  55.000       0.6254
  56.000       0.6192
  57.000       0.5729
  58.000       0.5628
  59.000       0.5927
  60.000       0.6319
  61.000       0.8022
  62.000       0.8545
  63.000       1.2481
  64.000       1.2785
  65.000       1.3082
  66.000       1.1348
  67.000       0.9810
  68.000       0.6934
  69.000       0.7118
  70.000       0.6471
  71.000       0.5904
  72.000       0.6307
  73.000       0.5901
  74.000       0.6117
  75.000       0.5924
  76.000       0.5878
  77.000       0.5439
  78.000       0.5355
  79.000       0.4878
  80.000       0.4636
  81.000       0.4520
  82.000       0.4698
  83.000       0.5545
  84.000       0.7159
  85.000       0.8663
  86.000       0.8394
  87.000       0.9988
  88.000       0.9961
  89.000       0.9401
  90.000       1.2781
  91.000       1.6251
  92.000       2.3142
  93.000       1.9668
  94.000       1.8821
  95.000       1.7653
  96.000       1.5153
  97.000       1.3807
  98.000       1.1477
  99.000       0.9240
 100.000       0.9474
 101.000       1.0219
 102.000       0.7363
 103.000       0.7084
 104.000       0.5779
 105.000       0.5892
 106.000       0.6898
 107.000       0.7780
 108.000       1.0462
 109.000       1.2274
 110.000       2.9885
 111.000       3.3204
 112.000       3.1111
 113.000       2.1174
 114.000       1.4038
 115.000       0.8981
 116.000       0.9586
 117.000       0.7938
 118.000       0.8187
 119.000       0.6701
 120.000       0.7046
 121.000       0.7528
 122.000       0.7461
 123.000       1.0668
 124.000       0.9592
 125.000       0.7785
 126.000       0.8087
 127.000       0.8420
 128.000       0.8520
 129.000       1.0059
 130.000       0.8552
 131.000       0.7536
 132.000       0.8181
 133.000       0.7850
 134.000       0.6896
 135.000       0.6280
 136.000       0.6760
 137.000       0.6805
 138.000       0.5183
 139.000       0.6352
 140.000       0.7827
 141.000       0.7296
 142.000       0.8131
 143.000       0.6455
 144.000       0.4802
 145.000       0.5291
 146.000       0.5147
 147.000       0.5596
 148.000       0.6072
 149.000       0.7583
 150.000       1.0620
 151.000       0.8506
 152.000       0.7282
 153.000       0.9754
 154.000       1.0807
 155.000       0.8040
 156.000       0.8815
 157.000       1.2674
 158.000       1.1968
 159.000       1.0676
 160.000       0.8261
 161.000       0.5813
 162.000       0.6377
 163.000       0.6186
 164.000       0.6755
 165.000       0.7481
 166.000       1.0847
 167.000       1.6504
 168.000       1.6017
 169.000       1.0689
 170.000       1.0819
 171.000       1.1233
 172.000       0.7279
 173.000       0.5823
 174.000       0.6144
 175.000       0.5959
 176.000       0.5618
 177.000       0.5732
 178.000       0.5663
 179.000       0.5810
 180.000       0.5583
 181.000       0.6030
 182.000       0.7319
 183.000       0.9438
 184.000       1.1639
 185.000       0.8946
 186.000       1.0392
 187.000       1.2834
 188.000       0.8967
 189.000       0.9129
 190.000       0.8667
 191.000       0.7231
 192.000       0.7612
 193.000       0.7702
 194.000       0.6628
 195.000       0.6488
 196.000       0.7558
 197.000       0.7265
 198.000       0.6331
 199.000       0.7232
 200.000       0.9006
 201.000       0.8043
 202.000       0.7689
 203.000       0.9841
 204.000       1.1334
 205.000       1.0770
 206.000       1.2083
 207.000       1.5011
 208.000       2.2227
 209.000       2.4765
 210.000       2.9109
 211.000       3.9620
