#Res        AtomicFlx
   1.000       6.0788
   2.000       3.8940
   3.000       2.0185
   4.000       1.2712
   5.000       0.6184
   6.000       0.5940
   7.000       0.4872
   8.000       0.4571
   9.000       0.5274
  10.000       0.5251
  11.000       0.5599
  12.000       0.5704
  13.000       0.5568
  14.000       0.6280
  15.000       0.7716
  16.000       0.7817
  17.000       0.6119
  18.000       0.6061
  19.000       0.6957
  20.000       0.6521
  21.000       0.5991
  22.000       0.6799
  23.000       0.6799
  24.000       0.6015
  25.000       0.6459
  26.000       0.8372
  27.000       1.0401
  28.000       0.9659
  29.000       0.8583
  30.000       1.2350
  31.000       1.1285
  32.000       0.7349
  33.000       0.7298
  34.000       0.6979
  35.000       0.7200
  36.000       0.7181
  37.000       0.6401
  38.000       0.7327
  39.000       0.8060
  40.000       0.9208
  41.000       0.7953
  42.000       0.7196
  43.000       0.7733
  44.000       0.7483
  45.000       0.7052
  46.000       0.8669
  47.000       0.8200
  48.000       1.1769
  49.000       1.6177
  50.000       1.6367
  51.000       1.2726
  52.000       0.9595
  53.000       0.5919
  54.000       0.4932
  55.000       0.4392
  56.000       0.4486
  57.000       0.4433
  58.000       0.4540
  59.000       0.5152
  60.000       0.5818
  61.000       0.6978
  62.000       0.7325
  63.000       1.2044
  64.000       1.0508
  65.000       0.7844
  66.000       1.1558
  67.000       0.7535
  68.000       0.5833
  69.000       0.5358
  70.000       0.5158
  71.000       0.4524
  72.000       0.4550
  73.000       0.4525
  74.000       0.5370
  75.000       0.5260
  76.000       0.5431
  77.000       0.5231
  78.000       0.4710
  79.000       0.4504
  80.000       0.4260
  81.000       0.4258
  82.000       0.4438
  83.000       0.5731
  84.000       0.6887
  85.000       0.7725
  86.000       0.7944
  87.000       1.0479
  88.000       1.0476
  89.000       0.9780
  90.000       1.4198
  91.000       1.5437
  92.000       2.0973
  93.000       1.9161
  94.000       1.3871
  95.000       1.0550
  96.000       1.1288
  97.000       1.0795
  98.000       0.9170
  99.000       0.9070
 100.000       0.8791
 101.000       0.8114
 102.000       0.6074
 103.000       0.5863
 104.000       0.4911
 105.000       0.4615
 106.000       0.5609
 107.000       0.6481
 108.000       0.8700
 109.000       1.1518
 110.000       1.4031
 111.000       2.0917
 112.000       2.7934
 113.000       1.9500
 114.000       1.1159
 115.000       0.8524
 116.000       0.9416
 117.000       0.8915
 118.000       0.8505
 119.000       0.7202
 120.000       0.6779
 121.000       0.7834
 122.000       0.6841
 123.000       0.9781
 124.000       0.7715
 125.000       0.6445
 126.000       0.6288
 127.000       0.6591
 128.000       0.6484
 129.000       0.7485
 130.000       0.8031
 131.000       0.6551
 132.000       0.7871
 133.000       0.7583
 134.000       0.5468
 135.000       0.5340
 136.000       0.6349
 137.000       0.5563
 138.000       0.4687
 139.000       0.6456
 140.000       0.7432
 141.000       0.7121
 142.000       0.5976
 143.000       0.5035
 144.000       0.4147
 145.000       0.4728
 146.000       0.4983
 147.000       0.5377
 148.000       0.5368
 149.000       0.5757
 150.000       0.6658
 151.000       0.6014
 152.000       0.6213
 153.000       0.6634
 154.000       0.9412
 155.000       0.7201
 156.000       0.7701
 157.000       1.1177
 158.000       1.1143
 159.000       0.9538
 160.000       0.7272
 161.000       0.5498
 162.000       0.5764
 163.000       0.5474
 164.000       0.5381
 165.000       0.5616
 166.000       0.7860
 167.000       0.8361
 168.000       0.7437
 169.000       0.7510
 170.000       0.9247
 171.000       1.1694
 172.000       0.6855
 173.000       0.5335
 174.000       0.6208
 175.000       0.5155
 176.000       0.4938
 177.000       0.4693
 178.000       0.4736
 179.000       0.4562
 180.000       0.4230
 181.000       0.4379
 182.000       0.5108
 183.000       0.7032
 184.000       0.8262
 185.000       0.6686
 186.000       0.8016
 187.000       1.1915
 188.000       0.8638
 189.000       0.9293
 190.000       0.8300
 191.000       0.6351
 192.000       0.6604
 193.000       0.6783
 194.000       0.5901
 195.000       0.6135
 196.000       0.7262
 197.000       0.6473
 198.000       0.5841
 199.000       0.6120
 200.000       0.7758
 201.000       0.6786
 202.000       0.6845
 203.000       0.9437
 204.000       1.8556
 205.000       1.6905
 206.000       2.1029
 207.000       2.8623
 208.000       2.4465
 209.000       2.7129
 210.000       2.5848
 211.000       2.7368
