#Res        AtomicFlx
   1.000       6.0852
   2.000       4.5226
   3.000       1.7939
   4.000       1.1946
   5.000       0.8272
   6.000       0.7124
   7.000       0.5375
   8.000       0.4940
   9.000       0.6037
  10.000       0.5885
  11.000       0.7076
  12.000       0.6747
  13.000       0.6251
  14.000       0.7092
  15.000       0.8278
  16.000       0.8953
  17.000       0.7151
  18.000       0.6487
  19.000       0.7739
  20.000       0.7507
  21.000       0.6407
  22.000       0.7370
  23.000       0.7696
  24.000       0.6654
  25.000       0.6752
  26.000       0.9108
  27.000       1.0748
  28.000       1.0098
  29.000       0.9783
  30.000       1.3636
  31.000       1.1357
  32.000       0.8591
  33.000       0.8338
  34.000       0.7444
  35.000       0.7891
  36.000       1.1895
  37.000       1.2458
  38.000       1.4585
  39.000       1.3299
  40.000       1.3810
  41.000       1.2753
  42.000       1.0846
  43.000       1.2245
  44.000       1.1910
  45.000       0.9599
  46.000       1.1055
  47.000       1.2979
  48.000       1.5563
  49.000       2.0969
  50.000       2.1006
  51.000       1.7177
  52.000       1.1941
  53.000       0.7609
  54.000       0.6509
  55.000       0.5456
  56.000       0.5242
  57.000       0.5271
  58.000       0.5790
  59.000       0.6643
  60.000       0.7921
  61.000       1.2564
  62.000       1.2639
  63.000       1.3598
  64.000       1.5620
  65.000       1.2416
  66.000       1.7530
  67.000       1.1780
  68.000       0.8326
  69.000       0.7400
  70.000       0.7098
  71.000       0.5721
  72.000       0.6177
  73.000       0.5908
  74.000       0.7176
  75.000       0.7356
  76.000       0.6558
  77.000       0.6033
  78.000       0.5534
  79.000       0.4952
  80.000       0.4263
  81.000       0.4239
  82.000       0.4501
  83.000       0.6208
  84.000       0.7483
  85.000       0.9682
  86.000       0.8729
  87.000       1.0169
  88.000       1.0923
  89.000       1.0254
  90.000       1.2309
  91.000       1.8517
  92.000       2.8703
  93.000       1.9630
  94.000       0.9097
  95.000       0.7782
  96.000       0.7609
  97.000       0.8561
  98.000       0.8357
  99.000       0.7543
 100.000       0.8737
 101.000       0.9673
 102.000       0.7000
 103.000       0.6966
 104.000       0.6210
 105.000       0.6103
 106.000       0.6720
 107.000       0.7944
 108.000       1.1116
 109.000       1.3986
 110.000       1.7102
 111.000       2.3884
 112.000       2.9005
 113.000       1.9272
 114.000       1.5624
 115.000       1.2443
 116.000       1.1670
 117.000       1.0487
 118.000       1.0704
 119.000       0.9918
 120.000       0.9150
 121.000       0.9607
 122.000       0.8478
 123.000       1.1506
 124.000       0.9135
 125.000       0.8016
 126.000       0.7943
 127.000       0.8291
 128.000       0.8014
 129.000       0.9412
 130.000       0.8810
 131.000       0.7401
 132.000       0.8474
 133.000       0.8084
 134.000       0.6388
 135.000       0.6411
 136.000       0.7677
 137.000       0.6841
 138.000       0.5616
 139.000       0.7958
 140.000       0.9264
 141.000       0.8464
 142.000       0.7829
 143.000       0.6403
 144.000       0.4536
 145.000       0.5583
 146.000       0.6170
 147.000       0.6259
 148.000       0.6070
 149.000       0.6705
 150.000       0.7459
 151.000       0.7500
 152.000       0.6478
 153.000       0.7744
 154.000       0.9154
 155.000       0.7943
 156.000       0.7845
 157.000       1.1120
 158.000       1.1965
 159.000       1.1006
 160.000       0.9382
 161.000       0.6100
 162.000       0.6183
 163.000       0.5728
 164.000       0.5429
 165.000       0.5823
 166.000       0.7750
 167.000       0.7607
 168.000       0.6785
 169.000       0.7100
 170.000       0.9399
 171.000       1.1831
 172.000       0.7578
 173.000       0.5969
 174.000       0.6787
 175.000       0.6708
 176.000       0.6979
 177.000       0.6329
 178.000       0.5861
 179.000       0.5119
 180.000       0.5477
 181.000       0.5698
 182.000       0.7581
 183.000       0.9966
 184.000       1.1520
 185.000       0.8988
 186.000       1.0495
 187.000       1.6927
 188.000       1.0886
 189.000       1.0989
 190.000       0.9153
 191.000       0.6902
 192.000       0.7036
 193.000       0.7616
 194.000       0.6193
 195.000       0.5492
 196.000       0.6786
 197.000       0.7142
 198.000       0.6295
 199.000       0.6603
 200.000       0.8283
 201.000       0.8635
 202.000       0.8819
 203.000       1.0716
 204.000       1.7184
 205.000       1.4671
 206.000       2.1765
 207.000       2.9748
 208.000       3.4047
 209.000       4.5447
 210.000       6.3588
 211.000       7.9881
