| Run on Mon Feb  9 17:17:27 2026
| GB non-polar solvation energies calculated with gbsa=2
idecomp = 2: Per-residue decomp adding 1-4 interactions to EEL and VDW.
Energy Decomposition Analysis (All units kcal/mol): Generalized Born solvent
DELTAS:
Total Energy Decomposition:
Residue,Location,Internal,,,van der Waals,,,Electrostatic,,,Polar Solvation,,,Non-Polar Solv.,,,TOTAL,,
,,Avg.,Std. Dev.,Std. Err. of Mean,Avg.,Std. Dev.,Std. Err. of Mean,Avg.,Std. Dev.,Std. Err. of Mean,Avg.,Std. Dev.,Std. Err. of Mean,Avg.,Std. Dev.,Std. Err. of Mean
GLY   1,R GLY   1,0.0,0.0,0.0,-7.999999999999859e-06,8.908422980527877e-05,1.6264480727441745e-06,-0.002128000000000192,0.018059723585924656,0.00032972393301063406,0.002159666666666699,0.018019882719435845,0.00032899654163441827,0.0,0.0,0.0,2.3666666666348607e-05,0.0005897230046574826,1.0766819744354245e-05
PRO   2,R PRO   2,0.0,0.0,0.0,-1.66666666666662e-05,0.00012801909579780659,2.3372982186624494e-06,-0.0003533333333333335,0.0012085068840883338,2.2064216043848715e-05,0.00036133333333333866,0.0012055862566495335,2.2010892926172067e-05,0.0,0.0,0.0,-8.666666666586073e-06,0.0005960354202748654,1.088206815855386e-05
ARG   3,R ARG   3,0.0,0.0,0.0,-5.133333333333582e-05,0.00022067673693035002,4.028987557779535e-06,-0.0030989999999995158,0.02494393444640714,0.0004554118523075776,0.0033793333333333436,0.024814352826987362,0.0004530460264411022,0.0,0.0,0.0,0.00022900000000076185,0.000668250701458466,1.2200532775248406e-05
ASN   4,R ASN   4,0.0,0.0,0.0,-4.566666666666763e-05,0.00020876116071296406,3.811439895115056e-06,0.00029066666666681824,0.001702208238990956,3.107792833554971e-05,-0.00014499999999999648,0.0016814601789318037,3.0699122318254055e-05,0.0,0.0,0.0,0.00010000000000018142,0.0006175219294352492,1.1274356350193314e-05
LEU   5,R LEU   5,0.0,0.0,0.0,-0.00010533333333333454,0.0003069824461141456,5.6047070164943885e-06,-0.0019506666666666396,0.0016709975729751502,3.0508102141829157e-05,0.002485333333333313,0.001907647300268639,3.4828715270698816e-05,0.0,0.0,0.0,0.00042933333333334926,0.0007082887044764173,1.2931523355594802e-05
ARG   6,R ARG   6,0.0,0.0,0.0,-0.00014233333333333193,0.0003493916935983926,6.378990399625765e-06,0.017264333333333166,0.026185539162335885,0.0004780803493215432,-0.016267,0.026013414058904286,0.0004749377892594633,0.0,0.0,0.0,0.0008549999999993645,0.0009029442581545559,1.648543127870061e-05
VAL   7,R VAL   7,0.0,0.0,0.0,-0.00031900000000000174,0.0004660890472860368,8.509582833488479e-06,-0.0029353333333333145,0.002695518173231642,4.9213203588136277e-05,0.005839666666666661,0.0038344004166955535,7.000625342437877e-05,0.0,0.0,0.0,0.002585333333333422,0.0016486514354330651,3.010011935499872e-05
LEU   8,R LEU   8,0.0,0.0,0.0,-0.0011920000000000131,0.0007834555932959132,1.4303876708392161e-05,0.005071666666666619,0.003838558395485919,7.008216738361581e-05,-0.0018103333333333324,0.0037903860694598955,6.92026650632176e-05,0.0,0.0,0.0,0.0020693333333332486,0.0016802359622651649,3.0676771282134326e-05
LEU   9,R LEU   9,0.0,0.0,0.0,-0.0019026666666666638,0.0013386035841710191,2.4439445953591083e-05,-0.0026703333333333154,0.006065227659004788,0.0001107354001747058,0.0044613333333333345,0.007060583419394084,0.00012890802693163661,0.0,0.0,0.0,-0.00011166666666664993,0.004604765345692298,8.407112839512486e-05
ASP  10,R ASP  10,0.0,0.0,0.0,-0.01870966666666662,0.0156330432062631,0.0002854190135507729,-0.13292,0.20299680687143803,0.0037061976741668773,0.17390699999999995,0.21598143519988008,0.003943263468710488,0.0,0.0,0.0,0.02227733333333327,0.05034901276313396,0.0009192430012827993
THR  11,R THR  11,0.0,0.0,0.0,-0.0148086666666667,0.014292097754431302,0.0002609368111390318,-0.018659000000000002,0.0331406002611097,0.0006050618110757127,0.01654699999999999,0.02958471098951847,0.000540140452207675,0.0,0.0,0.0,-0.016920666666666664,0.02735337345841568,0.0004994019889012455
ALA  12,R ALA  12,0.0,0.0,0.0,-0.16427766666666663,0.1865541741726039,0.0034059976463694267,-0.08789266666666669,0.1101253610492254,0.0020106048133353848,0.10889933333333353,0.12383378321856343,0.002260885215000396,-0.006282619199999992,0.011002643840384525,0.00020087987411912916,-0.14955361919999965,0.18739085172246803,0.0034212732186167183
ILE  13,R ILE  13,0.0,0.0,0.0,-0.023784666666666718,0.021550397480221813,0.0003934546274373326,-0.015888666666666697,0.01586899298072243,0.00028972684734776056,0.03583066666666679,0.023384196790900036,0.00042693506905052884,0.0,0.0,0.0,-0.00384266666666662,0.018179051484851706,0.00033190255241003543
PRO  14,R PRO  14,0.0,0.0,0.0,-0.008324666666666624,0.006403899194154211,0.00011691866815424723,0.005380333333333323,0.013045702225466985,0.00023818084624612046,-0.0007189999999999975,0.01327584419161357,0.00024238264445568963,0.0,0.0,0.0,-0.0036633333333332264,0.004806314134090225,8.77508889899042e-05
PRO  15,R PRO  15,0.0,0.0,0.0,-0.0015503333333333309,0.00110760998952195,2.022209920597442e-05,0.003893000000000008,0.0048116058649893476,8.784750233596074e-05,-0.006156333333333325,0.00542179796951367,9.898803500461145e-05,0.0,0.0,0.0,-0.003813666666666747,0.0021209148707311597,3.8722430574920315e-05
SER  16,R SER  16,0.0,0.0,0.0,-0.0007053333333333394,0.0005590213671129896,1.0206287096505366e-05,0.0032296666666666637,0.0064654146468386365,0.00011804178152326061,0.00048100000000002264,0.005286237382738954,9.651304862843985e-05,0.0,0.0,0.0,0.003005333333333322,0.00230303529186059,4.204747933608463e-05
PHE  17,R PHE  17,0.0,0.0,0.0,-0.004103999999999981,0.0027906720815363594,5.0950468321912004e-05,0.007281333333333303,0.008907123640971593,0.00016262108468825625,-0.010723999999999963,0.010923697054263933,0.000199438509599103,0.0,0.0,0.0,-0.007546666666666619,0.005484507473075552,0.00010013294866030458
CYS  18,R CYS  18,0.0,0.0,0.0,-0.001144666666666667,0.0008689485344688317,1.586475712132115e-05,0.007142666666666658,0.007990388782086182,0.0001458838726394944,-0.006915333333333341,0.007519541091198418,0.0001372874092578795,0.0,0.0,0.0,-0.0009173333333333162,0.001941605750117411,3.544870890403483e-05
ASP  19,R ASP  19,0.0,0.0,0.0,-0.00031666666666666773,0.0004651761912317664,8.492916438399176e-06,-0.0314603333333333,0.058291037846501,0.001064243877630532,0.0310049999999999,0.05804878673724933,0.0010598209977266057,0.0,0.0,0.0,-0.0007720000000000813,0.001035382055088856,1.8903403573607433e-05
THR  20,R THR  20,0.0,0.0,0.0,-0.0003553333333333322,0.00047861420325305315,8.73825984880199e-06,0.006235000000000032,0.007374264370091501,0.00013463503135019132,-0.0016626666666666628,0.005680452407648128,0.00010371039735011369,0.0,0.0,0.0,0.004217000000000008,0.00299531484154846,5.4686716851536794e-05
VAL  21,R VAL  21,0.0,0.0,0.0,-0.0005603333333333301,0.0005096010422106725,9.303999538230922e-06,0.004974333333333342,0.005258485956580618,9.600637922477786e-05,-0.0023123333333333264,0.0043718929411513405,7.981947942887316e-05,0.0,0.0,0.0,0.0021016666666666428,0.0016885883321744119,3.082926399573173e-05
SER  22,R SER  22,0.0,0.0,0.0,-0.00018266666666666732,0.0003863930066079827,7.05453885938116e-06,0.0033180000000000045,0.004663711969379441,8.514734157786542e-05,-0.002616666666666663,0.004327322754570333,7.900574287611877e-05,0.0,0.0,0.0,0.0005186666666666684,0.001005808906082819,1.8363474213371835e-05
SER  23,R SER  23,0.0,0.0,0.0,-8.833333333333367e-05,0.0002837790611647662,5.181073104919356e-06,0.0017596666666666563,0.003715450608233424,6.783453698085787e-05,-0.0012363333333333278,0.0035033050902762374,6.396130745889892e-05,0.0,0.0,0.0,0.00043499999999997534,0.0007859866411078357,1.4350087107749295e-05
VAL  24,R VAL  24,0.0,0.0,0.0,-0.0001383333333333342,0.00034524950720055125,6.303364768709473e-06,0.00089599999999997,0.0027285864472286698,4.9816944908334064e-05,-8.6999999999992e-05,0.0025508360067502144,4.657168071311642e-05,0.0,0.0,0.0,0.000670666666666631,0.0008439231139281946,1.5407857543282478e-05
LEU  25,R LEU  25,0.0,0.0,0.0,-0.0001803333333333279,0.0003844648517383788,7.019335728832978e-06,0.0023050000000000553,0.0024784353263029688,4.524983118446043e-05,-0.0017886666666666621,0.0023086803349292224,4.215054325031057e-05,0.0,0.0,0.0,0.00033600000000006254,0.000748623625951893,1.3667934900505388e-05
LEU  26,R LEU  26,0.0,0.0,0.0,-8.266666666666848e-05,0.0002753777203930851,5.0276863097881035e-06,0.0012986666666666587,0.00182395126640539,3.330064174667823e-05,-0.0013340000000000014,0.0018146929951555419,3.313160961311011e-05,0.0,0.0,0.0,-0.00011800000000009788,0.0006471032890247483,1.1814435614487992e-05
ASP  27,R ASP  27,0.0,0.0,0.0,-4.099999999999992e-05,0.00019829019138626055,3.620267025142383e-06,0.005215999999999995,0.029174338221571998,0.0005326481048080044,-0.005265333333333342,0.02907042480292012,0.0005307509140272341,0.0,0.0,0.0,-9.033333333339518e-05,0.0006230354903392004,1.1375019739502402e-05
ASP  28,R ASP  28,0.0,0.0,0.0,-4.233333333333363e-05,0.00020134850936180966,3.6761040165834422e-06,0.011169333333333253,0.026722612014713213,0.00048788591319723335,-0.011187333333333434,0.026646980558571814,0.0004865050780443798,0.0,0.0,0.0,-6.0333333333526674e-05,0.0006234526623747487,1.138263622397674e-05
PHE  29,R PHE  29,0.0,0.0,0.0,-8.233333333333552e-05,0.0002748718893513114,5.01845114072591e-06,0.00020466666666666496,0.0013344580256502007,2.436375875641408e-05,-0.0003319999999999946,0.001328323253830435,2.4251753659386325e-05,0.0,0.0,0.0,-0.00020966666666665407,0.000647332904222286,1.1818627795262574e-05
ASN  30,R ASN  30,0.0,0.0,0.0,-3.2999999999998735e-05,0.000178636502428808,3.261441399136151e-06,-0.001365999999999834,0.001655106441692832,3.0217971106242433e-05,0.0014186666666666705,0.0016498641021476723,3.0122259518809587e-05,0.0,0.0,0.0,1.9666666666848205e-05,0.0006076840370528588,1.109474183098853e-05
MET  31,R MET  31,0.0,0.0,0.0,-3.7333333333334035e-05,0.00018957730759654976,3.461192258724193e-06,0.0008449999999999995,0.001074697631894663,1.9621204516203012e-05,-0.0007796666666666707,0.0010588294899977404,1.9331493207448435e-05,0.0,0.0,0.0,2.7999999999973677e-05,0.0006065333186781075,1.1073732683948965e-05
VAL  32,R VAL  32,0.0,0.0,0.0,-8.200000000000041e-05,0.00027436472076416957,5.009191551538057e-06,-0.0005446666666666313,0.0013696732781539182,2.5006698361898293e-05,0.0010076666666666717,0.001449462390758105,2.646344158911939e-05,0.0,0.0,0.0,0.0003810000000000423,0.0006898108436376151,1.2594165315733025e-05
SER  33,R SER  33,0.0,0.0,0.0,-9.300000000000023e-05,0.0002904324362050498,5.3025465580228624e-06,0.0009939999999999843,0.0018400989103849825,3.359545604195107e-05,-0.0007019999999999897,0.0016950504417273208,3.0947245434771655e-05,0.0,0.0,0.0,0.00019900000000001083,0.0007275981033509999,1.3284063133443928e-05
LEU  34,R LEU  34,0.0,0.0,0.0,-0.00028466666666667086,0.00045125553243762374,8.238761143836357e-06,-0.0008906666666666693,0.002580964849732727,4.712175561088487e-05,0.0026103333333333274,0.0029591372428838434,5.4026207289370816e-05,0.0,0.0,0.0,0.0014349999999999803,0.0012208364618845186,2.228932230663156e-05
ILE  35,R ILE  35,0.0,0.0,0.0,-0.0004453333333333321,0.0004970025709747875,9.073983975365115e-06,0.00017566666666666582,0.0034778548784495694,6.349665228854055e-05,0.0003306666666666629,0.00350960485271808,6.407632485877629e-05,0.0,0.0,0.0,6.099999999993481e-05,0.0010165033202110076,1.855872660861553e-05
ARG  36,R ARG  36,0.0,0.0,0.0,-0.0019050000000000059,0.0014266423284528345,2.604680615951039e-05,0.12666133333333374,0.11147995920742397,0.0020353362789220617,-0.10508433333333335,0.1011679588006444,0.0018470657710622075,0.0,0.0,0.0,0.019672000000000273,0.013180304093608316,0.00024063832889489856
THR  37,R THR  37,0.0,0.0,0.0,-0.0024636666666666626,0.0019141612320340445,3.494764284956422e-05,-0.00607666666666667,0.012990103498005235,0.00023716575700614105,0.012322333333333317,0.013497892473353874,0.00024643667288117054,0.0,0.0,0.0,0.003782000000000056,0.00330330279165156,6.030978177524491e-05
SER  38,R SER  38,0.0,0.0,0.0,-0.005750333333333342,0.005803562114961991,0.00010595806280823575,0.017097333333333305,0.015434739806322853,0.0002817985053715315,-0.02342933333333336,0.03411704861535097,0.0006228892374042706,0.0,0.0,0.0,-0.012082333333333266,0.028837410099074867,0.0005264966670430197
PRO  39,R PRO  39,0.0,0.0,0.0,-0.07185833333333334,0.09654715047006249,0.0017627017391766242,0.034227,0.0355151442486159,0.0006484148546005596,-0.02462300000000001,0.037582800201688,0.0006861649148224741,-0.000883509599999999,0.0036575991735109327,6.6778319121473e-05,-0.06313784293333335,0.10088058283197876,0.0018418190277114386
ALA  40,R ALA  40,0.0,0.0,0.0,-0.01004866666666663,0.0071605608408528395,0.00013073335656410865,0.014543333333333266,0.011940663949527981,0.00021800569989150677,0.0038969999999999986,0.010335298302419693,0.00018869586729267052,0.0,0.0,0.0,0.008391666666666665,0.007631880320223945,0.00013933843358554683
ASP  41,R ASP  41,0.0,0.0,0.0,-0.0027899999999999904,0.0016626986096904418,3.035658449533109e-05,-0.10064900000000002,0.06762136594548641,0.001234591583255152,0.09991499999999996,0.06783181978245899,0.0012384339270492652,0.0,0.0,0.0,-0.003524000000000091,0.005526851786204212,0.00010090604650972555
SER  42,R SER  42,0.0,0.0,0.0,-0.003986999999999982,0.002531961887548841,4.622708801846196e-05,0.006255333333333322,0.018957570296732514,0.00034611629623367674,0.0056516666666666686,0.021106673444408225,0.00038535337197992154,0.0,0.0,0.0,0.007919999999999948,0.005780276809980659,0.00010553293324834699
LEU  43,R LEU  43,0.0,0.0,0.0,-0.005153666666666644,0.0020647969768371227,3.769786269607213e-05,0.00283833333333331,0.013164707765672379,0.00024035358020740654,0.00541166666666667,0.014712541041196417,0.00026861302021612734,0.0,0.0,0.0,0.003096333333333296,0.002681489615037815,4.895707832906851e-05
ALA  44,R ALA  44,0.0,0.0,0.0,-0.0011316666666666734,0.0007134404125238499,1.3025580245836793e-05,0.006854999999999974,0.005309109310107188,9.693063098021324e-05,-0.005713666666666674,0.005685860816290041,0.00010380914093055975,0.0,0.0,0.0,9.666666666652955e-06,0.0019948867692734782,3.642148277332292e-05
THR  45,R THR  45,0.0,0.0,0.0,-0.0006753333333333342,0.0004898212826009739,8.942872187555538e-06,0.002046666666666637,0.006595237338834424,0.00012041200875266522,0.004911999999999999,0.008254711139706815,0.00015070971656355338,0.0,0.0,0.0,0.006283333333333326,0.003037826342780179,5.546286712413749e-05
ILE  46,R ILE  46,0.0,0.0,0.0,-0.0008946666666666676,0.00047071387865190876,8.594020315613328e-06,0.002542999999999999,0.004269287723574818,7.794617302272694e-05,0.00043000000000000725,0.0048171672173591955,8.794903827406744e-05,0.0,0.0,0.0,0.002078333333333389,0.0016551527287702796,3.0218816188790403e-05
LYS  47,R LYS  47,0.0,0.0,0.0,-0.0015396666666666649,0.0008712595607636975,1.5906950495744e-05,0.003926999999999703,0.139232849348373,0.0025420324111274117,0.024179333333333393,0.14289687367546658,0.0026089280369673068,0.0,0.0,0.0,0.026566666666666742,0.018338581067126186,0.0003348151507700724
GLN  48,R GLN  48,0.0,0.0,0.0,-0.0003486666666666699,0.0004765482370361132,8.700540638799935e-06,0.0011926666666667364,0.0053392458477036,9.748084636176848e-05,0.0009019999999999972,0.005493365331622019,0.0001002946702915409,0.0,0.0,0.0,0.001746000000000123,0.0013962392345153124,2.549172414725941e-05
ASP  49,R ASP  49,0.0,0.0,0.0,-0.00013633333333333238,0.0003431421797965872,6.264890410202809e-06,-0.0016073333333333642,0.03883822618103058,0.000709085752427939,0.001521999999999925,0.038602135294998015,0.0007047753422978917,0.0,0.0,0.0,-0.0002216666666667635,0.0007388260207174267,1.3489055920623793e-05
ASN  50,R ASN  50,0.0,0.0,0.0,-0.0001393333333333347,0.0003462940304936806,6.322435067692356e-06,0.0024533333333332857,0.0036176173865618464,6.604835490142699e-05,-0.00174933333333332,0.00326095582443078,5.953663546895314e-05,0.0,0.0,0.0,0.0005646666666665112,0.0009429483313284319,1.7215802387681248e-05
ALA  51,R ALA  51,0.0,0.0,0.0,-5.333333333333301e-05,0.00022469732728470142,4.102393158831734e-06,0.0005360000000000021,0.0018816758488113916,3.4354543610222656e-05,-0.0004303333333333341,0.0019336872951838796,3.530413835777872e-05,0.0,0.0,0.0,5.233333333334641e-05,0.0006193501074154255,1.1307734160822539e-05
GLU  52,R GLU  52,0.0,0.0,0.0,-8.966666666666797e-05,0.00028570361488010235,5.216210487686689e-06,-0.017632333333333312,0.02559237818613627,0.00046725076109166604,0.01792966666666647,0.02547731121126318,0.0004651499351662703,0.0,0.0,0.0,0.00020766666666643848,0.000760180607195125,1.3878935544624796e-05
ILE  53,R ILE  53,0.0,0.0,0.0,-0.00027533333333333,0.0004466820892859783,8.1552618778489e-06,0.0022863333333333477,0.002356766122370998,4.302846559955254e-05,-0.001014666666666664,0.002028246752466005,3.703054995040759e-05,0.0,0.0,0.0,0.0009963333333333686,0.0009108530190004466,1.6629824835940875e-05
ASP  54,R ASP  54,0.0,0.0,0.0,-0.00014233333333333082,0.0003493916935983898,6.378990399625715e-06,0.0024213333333333296,0.03362291596846153,0.0006138676508342345,-0.002457999999999999,0.033457947277141874,0.0006108557483836385,0.0,0.0,0.0,-0.000179000000000021,0.0008010153972720554,1.4624473399828894e-05
ILE  55,R ILE  55,0.0,0.0,0.0,-0.0004176666666666636,0.0004931746366371801,9.004095775853242e-06,-0.004083000000000001,0.0032028285936028357,5.847538228462731e-05,0.006874666666666704,0.004071317340725001,7.433174487590097e-05,0.0,0.0,0.0,0.0023739999999999786,0.0014498703390303969,2.647088967148704e-05
ALA  56,R ALA  56,0.0,0.0,0.0,-0.0008076666666666668,0.0005446783964465021,9.944421477316362e-06,0.00749099999999994,0.0050225410899266115,9.169863503164626e-05,-0.0032846666666666636,0.004426996523854747,8.082552860374007e-05,0.0,0.0,0.0,0.0033986666666666644,0.0019955947038970945,3.643440783207604e-05
ILE  57,R ILE  57,0.0,0.0,0.0,-0.003008666666666655,0.0018575767966776567,3.391455712795133e-05,-0.009490999999999972,0.007532811714979601,0.00013752969659111677,0.0121836666666667,0.007936535761205106,0.00014490065549528235,0.0,0.0,0.0,-0.00031599999999994686,0.005796390601055026,0.00010582712947695886
THR  58,R THR  58,0.0,0.0,0.0,-0.013534000000000008,0.008784579898891075,0.0001603837522943031,0.0206433333333333,0.022614201781672953,0.0004128769478598598,-0.054252000000000085,0.049772735133470865,0.0009087216593777299,0.0,0.0,0.0,-0.04714266666666666,0.044741885441819444,0.0008168713307265501
ILE  59,R ILE  59,0.0,0.0,0.0,-0.5878013333333338,0.44149138141631783,0.008060492951527812,0.04022866666666677,0.058297904864202076,0.0010643692516471208,-0.03900333333333337,0.06572442459914635,0.001199958331066663,-0.05193693120000015,0.040602033193930256,0.0007412883153629709,-0.6385129312000011,0.4858816822572525,0.008870945255028493
ASP  60,R ASP  60,0.0,0.0,0.0,-0.04174666666666689,0.022232494736807874,0.0004059079625654851,-0.008011333333333301,0.3012290632363052,0.005499665097022483,-0.028109000000000026,0.28426249333846315,0.005189899328471276,0.0,0.0,0.0,-0.07786700000000006,0.05063790389619191,0.0009245174076241016
GLU  61,R GLU  61,0.0,0.0,0.0,-0.029450333333333575,0.013923943402961114,0.0002542152630409015,0.3876063333333328,0.5050324590491422,0.009220589003117308,-0.30052899999999994,0.4940020794413052,0.009019202745482064,-1.1100000000000017e-05,0.0003375698786325583,6.163154575377778e-06,0.057615899999999616,0.027974030058067163,0.0005107335762376978
GLU  62,R GLU  62,0.0,0.0,0.0,-0.003471333333333307,0.0010210345515973146,1.8641455196734052e-05,0.06956433333333314,0.16069868240868965,0.0029339431105532645,-0.06023533333333338,0.16019084852623647,0.0029246713747904302,0.0,0.0,0.0,0.005857666666666622,0.0038546173033850895,7.037536158712494e-05
LEU  63,R LEU  63,0.0,0.0,0.0,-0.0015483333333333035,0.0006384856215209199,1.1657099251657125e-05,-0.0037466666666666577,0.0069648992973496615,0.00012716108186367636,0.0035446666666666595,0.006749321315674802,0.00012322518441485117,0.0,0.0,0.0,-0.0017503333333333258,0.0015669502934752353,2.8608467407524216e-05
LYS  64,R LYS  64,0.0,0.0,0.0,-0.0006619999999999869,0.0004903291411558768,8.952144373773614e-06,-0.05830166666666667,0.08063507506386741,0.0014721883179534168,0.06199600000000006,0.08036732327673142,0.0014672998614991932,0.0,0.0,0.0,0.003032333333333348,0.0026215684660564893,4.7863072830111854e-05
ILE  65,R ILE  65,0.0,0.0,0.0,-0.0007793333333333314,0.0004471832833289468,8.164412387282936e-06,0.003077333333333319,0.0034431603054300695,6.286321894634755e-05,-0.0017706666666666676,0.003381627747434993,6.173979327851761e-05,0.0,0.0,0.0,0.0005273333333332871,0.0009773703949316694,1.7844260411393604e-05
SER  66,R SER  66,0.0,0.0,0.0,-0.00016433333333333347,0.00037057777711148516,6.765793594469402e-06,0.000821666666666676,0.003601092041157653,6.574664475314561e-05,-0.00048133333333331735,0.0035930931274073875,6.560060523659367e-05,0.0,0.0,0.0,0.00017600000000002718,0.0007761168296934347,1.4169889829416317e-05
ARG  67,R ARG  67,0.0,0.0,0.0,-0.0001976666666666685,0.0003982393194494472,7.270821951598935e-06,-0.005794333333333649,0.04148459193349832,0.0007574015596957961,0.007036999999999999,0.041533997692653216,0.0007583035813211229,0.0,0.0,0.0,0.0010449999999993242,0.0009904418206032983,1.8082910901363714e-05
PHE  68,R PHE  68,0.0,0.0,0.0,-0.00046300000000002226,0.0004986291206899386,9.103680574361511e-06,0.0027340000000000177,0.0035871870130600196,6.549277483475171e-05,-0.002127666666666672,0.0036111911085155977,6.593102765320263e-05,0.0,0.0,0.0,0.00014333333333333524,0.001051723453300456,1.9201755320996363e-05
ASN  69,R ASN  69,0.0,0.0,0.0,-0.0003326666666666665,0.00047116828793495626,8.602316656102157e-06,0.0011376666666664808,0.0037372067852281306,6.823174861102705e-05,0.0008300000000000032,0.0038252363761384976,6.983894170001238e-05,0.0,0.0,0.0,0.0016349999999998204,0.001043922889872351,1.9059337169302266e-05
GLN  70,R GLN  70,0.0,0.0,0.0,-0.002094999999999997,0.0007890764643977631,1.4406499304902564e-05,0.01007433333333328,0.016452298964649687,0.0003003765088585841,0.008525333333333317,0.019010331179533796,0.000347079573755815,0.0,0.0,0.0,0.016504666666666626,0.005773038907042077,0.00010540078782473052
CYS  71,R CYS  71,0.0,0.0,0.0,-0.0008276666666666725,0.0004932557371406716,9.00557646169282e-06,-0.007936000000000023,0.006102450655269499,0.00011141499599844289,0.009519666666666635,0.006405696414563741,0.00011695148075955082,0.0,0.0,0.0,0.0007559999999999931,0.0017054219419252027,3.1136602255223294e-05
VAL  72,R VAL  72,0.0,0.0,0.0,-0.0023983333333333396,0.0011510852367319212,2.101584499230825e-05,-0.007983999999999988,0.009922822716680338,0.0001811651278683505,0.018397000000000184,0.012464164272023522,0.000227563464407908,0.0,0.0,0.0,0.008014666666666687,0.004664452617641338,8.5160863903206e-05
LEU  73,R LEU  73,0.0,0.0,0.0,-0.001867000000000005,0.0010481623601967475,1.913673895358712e-05,0.0024959999999999392,0.009359094543099074,0.0001708729066359623,0.009148999999999985,0.011396262501364208,0.00020806633477491417,0.0,0.0,0.0,0.009777999999999943,0.005733996512032382,0.00010468797447653593
GLY  74,R GLY  74,0.0,0.0,0.0,-0.0028769999999999686,0.0016630907972807777,3.036374482833111e-05,0.01127666666666666,0.017618705653052062,0.00032167208400734677,-0.008890666666666677,0.016852399815918042,0.00030768131757580736,0.0,0.0,0.0,-0.0004910000000000113,0.004713305881579623,8.605279839209775e-05
TYR  75,R TYR  75,0.0,0.0,0.0,-0.018777333333333326,0.009646679198333069,0.00017612346006476247,-0.0031036666666666795,0.03794848595867242,0.0006928413927577648,0.019960333333333323,0.03982900232940261,0.0007271747672913206,0.0,0.0,0.0,-0.0019206666666666927,0.016707115436909514,0.000305028799854604
THR  76,R THR  76,0.0,0.0,0.0,-0.14512566666666665,0.16283995580903615,0.002973037235325117,0.01217133333333338,0.12056210838494089,0.002201152878093828,0.04171233333333331,0.130810818542997,0.002388267869390484,-0.005528637599999996,0.007603972973662265,0.00013882891747781528,-0.09677063760000006,0.1522093236604967,0.002778949334381961
LYS  77,R LYS  77,0.0,0.0,0.0,-0.1078449999999999,0.08468110557654929,0.0015460583906250853,-0.38548099999999963,0.32475603505657435,0.005929206869547476,0.4893400000000011,0.310322618791047,0.005665689947197766,-0.0002802551999999998,0.0012320954625973431,2.2494882595477583e-05,-0.004266255199999665,0.07133915811091794,0.0013024688710259128
ALA  78,R ALA  78,0.0,0.0,0.0,-0.47283733333333333,0.3154867058047875,0.005759972845409271,-0.006253333333333324,0.17170763472316017,0.003134938161124405,-0.026746999999999965,0.10862020833006472,0.0019831246101095663,-0.04663444080000004,0.03316461347788526,0.0006055002304259206,-0.5524721074666665,0.3912345162976714,0.007142932328361906
PHE  79,R PHE  79,0.0,0.0,0.0,-0.15197833333333288,0.08235191880311925,0.0015035334527434083,-0.032111333333333394,0.06502131141573698,0.001187121299365577,0.013397999999999974,0.07038587165996717,0.0012850643212609203,-2.401680000000005e-05,0.00035531206030440393,6.487081012745264e-06,-0.17071568346666685,0.08839617062506443,0.0016138858882807775
VAL  80,R VAL  80,0.0,0.0,0.0,-1.0066376666666654,0.29901632683611223,0.0054592662423492005,-0.010550666666666597,0.07239818666851335,0.0013218039986938183,-0.04368366666666659,0.06490004314242695,0.0011849072537388568,-0.10238553839999992,0.033225109794314256,0.000606604736997725,-1.163257538400001,0.3288742865278539,0.006004395510490764
VAL  81,R VAL  81,0.0,0.0,0.0,-0.041765000000000344,0.008211441712632451,0.00014991972852158826,-0.010972000000000063,0.017114804975030522,0.00031247215840419525,0.03768300000000031,0.020314998835014402,0.00037089943725428524,0.0,0.0,0.0,-0.01505400000000009,0.013025964481245182,0.00023782048598796883
ALA  82,R ALA  82,0.0,0.0,0.0,-0.007228333333333331,0.002014662226997281,3.678253158266681e-05,0.010321333333333259,0.010527016586964416,0.00019219614826371516,-0.004114333333333328,0.011098855551612182,0.00020263645160364786,0.0,0.0,0.0,-0.0010213333333333548,0.005453825405672246,9.957277331271508e-05
HID  83,R HID  83,0.0,0.0,0.0,-0.002253999999999998,0.0006149395634259786,1.1227209013026243e-05,-0.007125333333333313,0.010193803259278947,0.00018611253306255874,0.011957666666666722,0.01034967992527121,0.0001889584386009808,0.0,0.0,0.0,0.0025783333333333487,0.002512474986055674,4.587130750100568e-05
PRO  84,R PRO  84,0.0,0.0,0.0,-0.0012636666666666543,0.0005740033875240134,1.0479820114376052e-05,-0.00538166666666663,0.004824589504703048,8.80845500809512e-05,0.005137333333333288,0.00543634125329009,9.925355782409627e-05,0.0,0.0,0.0,-0.0015080000000000204,0.001533167527267219,2.7991681303955757e-05
GLN  85,R GLN  85,0.0,0.0,0.0,-0.0006926666666666602,0.0004907948202207691,8.96064647138693e-06,-0.0012603333333331766,0.004895088683795337,8.937168310343263e-05,0.005082333333333334,0.005022571176421691,9.169918433338064e-05,0.0,0.0,0.0,0.0031293333333336218,0.0015351241715973163,2.8027404578509384e-05
HIE  86,R HIE  86,0.0,0.0,0.0,-0.003936000000000004,0.0015172026891618901,2.7700204572048868e-05,0.0007363333333333315,0.01582289943580379,0.00028888529820418336,-0.0008359999999999905,0.014214984019219579,0.00025952891339673376,0.0,0.0,0.0,-0.004035666666666699,0.0044517106699434855,8.127674511381608e-05
PRO  87,R PRO  87,0.0,0.0,0.0,-0.0016413333333333273,0.0008839446940969857,1.6138548284797423e-05,0.003080666666666668,0.0062021092827807866,0.00011323450527637412,-0.0011903333333333208,0.007046188559939533,0.00012864521395712414,0.0,0.0,0.0,0.00024900000000007756,0.0016888849378608255,3.083467924990283e-05
LEU  88,R LEU  88,0.0,0.0,0.0,-0.01616333333333341,0.01171477651894766,0.00021388157851864932,0.009753666666666692,0.015446390729084679,0.00028201122114527823,-0.00542566666666666,0.01698371203699469,0.0003100787397611335,0.0,0.0,0.0,-0.011835333333333366,0.011188515758977675,0.00020427341553980356
CYS  89,R CYS  89,0.0,0.0,0.0,-0.00420066666666656,0.0031779028025135407,5.802030168318504e-05,-0.004661333333333359,0.010643619601536775,0.0001943250183088613,0.010847333333333299,0.012768034025992329,0.00023311134170098336,0.0,0.0,0.0,0.0019853333333333324,0.004166827516895264,7.607551414122583e-05
ASN  90,R ASN  90,0.0,0.0,0.0,-0.001007999999999995,0.0007658999064282204,1.3983355184727741e-05,0.007662000000000153,0.005929678687191708,0.0001082606258577506,-0.002709999999999974,0.006819230161829141,0.00012450153948178081,0.0,0.0,0.0,0.003944000000000062,0.002449938230513914,4.4729547778225406e-05
ALA  91,R ALA  91,0.0,0.0,0.0,-0.0012319999999999911,0.0010322351153363375,1.884594857728863e-05,0.005283333333333302,0.004725151379115375,8.626906659893785e-05,0.0010119999999999968,0.006929299339279155,0.00012651111852762787,0.0,0.0,0.0,0.005063333333333326,0.0032609797437103075,5.953707217325169e-05
SER  92,R SER  92,0.0,0.0,0.0,-0.004522333333333266,0.004744769178322321,8.662723697074623e-05,0.006479999999999987,0.01252012779487503,0.00022858521387001556,0.009211999999999965,0.016870419556133564,0.00030801031151568814,0.0,0.0,0.0,0.011169666666666692,0.006517531221422939,0.0001189932956405847
LEU  93,R LEU  93,0.0,0.0,0.0,-0.02159533333333347,0.024907032036935176,0.00045473810957110804,-0.028618333333333218,0.032713738152171934,0.0005972684108753979,0.046526666666667174,0.043342757436764655,0.0007913268650863598,-3.9600000000002594e-07,2.168619800702884e-05,3.9593399449910904e-07,-0.003687396000000039,0.01563761626721043,0.0002855025058386962
HIE  94,R HIE  94,0.0,0.0,0.0,-0.18394799999999994,0.2686462580470187,0.0049047871840568625,-0.05224600000000005,0.16566246250735325,0.0030245689215710404,0.2935023333333329,0.30007878520130316,0.005478663989450038,-0.01228780559999999,0.020984468028085144,0.0003831222165409395,0.045020527733333295,0.21181740890186246,0.0038672390975948547
SER  95,R SER  95,0.0,0.0,0.0,-0.21924299999999966,0.2991306280166997,0.005461353086847775,-0.1166329999999996,0.16380191384006038,0.002990600105757291,0.15072966666666615,0.16158481339497696,0.0029501215748897265,-0.01132166159999998,0.020821880517741077,0.00038015378830813783,-0.19646799493333347,0.32489583800600114,0.005931759310514369
ILE  96,R ILE  96,0.0,0.0,0.0,-0.9644440000000009,0.7093481680604157,0.012950866425721842,-0.07486433333333338,0.09131015968238289,0.0016670878062479953,0.14350600000000005,0.11949373748165029,0.002181647183310014,-0.17742767040000013,0.12324350601075504,0.0022501082769371353,-1.0732300037333342,0.7941257567266916,0.014498686348502297
ALA  97,R ALA  97,0.0,0.0,0.0,-0.023166666666666946,0.017690606421363466,0.0003229848064308837,-0.005149666666666665,0.018938988002413292,0.00034577703150804885,0.025401666666666795,0.019021084719039252,0.00034727590562782043,0.0,0.0,0.0,-0.0029146666666666123,0.009897746455071948,0.00018070730006365662
SER  98,R SER  98,0.0,0.0,0.0,-0.018757000000000173,0.014474136163055179,0.0002642603625635531,0.03837633333333347,0.030030296477982745,0.000548275692985303,-0.033069000000000195,0.032382406318863674,0.0005912191469046487,0.0,0.0,0.0,-0.01344966666666663,0.018147106286004584,0.0003313193155429502
LEU  99,R LEU  99,0.0,0.0,0.0,-0.41771433333333363,0.22658371681983028,0.004136833762186125,0.05669633333333336,0.06986730365406182,0.0012755966081130926,-0.02530133333333332,0.0674739594082207,0.0012319003204023468,-0.031733359200000075,0.021160270887799353,0.0003863319229389191,-0.41805269253333366,0.23238228835504135,0.004242700709890874
ALA 100,R ALA 100,0.0,0.0,0.0,-0.023954000000000298,0.008615870085679884,0.00015730354661536137,0.0025456666666666813,0.019310996380876397,0.0003525689441902209,0.01768600000000004,0.024997481286455302,0.0004563894793801609,-1.596000000000005e-06,5.24256241164568e-05,9.571565639956743e-07,-0.0037239293333333236,0.010025763770420996,0.00018304456577592084
ASN 101,R ASN 101,0.0,0.0,0.0,-0.005229333333333269,0.0017049162898969304,3.1127370354485525e-05,0.02018233333333358,0.013898288427796474,0.0002537468694205713,-0.004681333333333327,0.016354788846763686,0.0002985962258202124,0.0,0.0,0.0,0.010271666666666955,0.005406834923399134,9.871484840841408e-05
TYR 102,R TYR 102,0.0,0.0,0.0,-0.008875999999999946,0.0024616980589291645,4.4944251888072834e-05,-0.01591799999999994,0.014538865476141255,0.00026544215272718844,0.0311096666666667,0.017328309396924816,0.00031637019800414873,0.0,0.0,0.0,0.006315666666666674,0.0054752797087353365,9.996447350415531e-05
ARG 103,R ARG 103,0.0,0.0,0.0,-0.006254666666666649,0.0015326920398073972,2.798300013037058e-05,0.1742593333333335,0.06444253832851572,0.0011765543968473107,-0.15531033333333383,0.06318130018622592,0.0011535274441500428,0.0,0.0,0.0,0.012694333333333285,0.005921562397055442,0.00010811244335138762
GLN 104,R GLN 104,0.0,0.0,0.0,-0.18860633333333301,0.10619078754717341,0.0019387696579608522,0.07833299999999993,0.13151657732392574,0.0024011532028728848,0.06762966666666684,0.12046831887771242,0.0021994405238016175,-0.012750314399999884,0.013932678845857185,0.0002543747496783674,-0.05539398106666671,0.10725758758322451,0.001958246672763936
ILE 105,R ILE 105,0.0,0.0,0.0,-0.018015000000000014,0.006231915837044074,0.00011377869601409093,-0.029334666666666613,0.02674799677649815,0.0004883493734187835,0.03902566666666693,0.029715815226164146,0.0005425340771341861,0.0,0.0,0.0,-0.008323999999999995,0.007817140824282661,0.00014272081215513805
SER 106,R SER 106,0.0,0.0,0.0,-0.026440333333333486,0.012936142130565952,0.0002361805617334637,0.013505333333333312,0.027589333172240497,0.0005037100041653894,0.023741333333333458,0.030498389436529695,0.0005568218620654861,-1.89312e-05,0.0003462431969390301,6.321506978207016e-06,0.010787402133333408,0.016705127183657797,0.00030499249948273737
LEU 107,R LEU 107,0.0,0.0,0.0,-0.07294433333333311,0.06023849739069626,0.0010997994617033477,0.03505833333333318,0.05657438994122902,0.0010329023182634833,-0.009825666666666658,0.045418901438595775,0.0008292318951674248,-0.0019690583999999916,0.005200733527504515,9.495196895292123e-05,-0.04968072506666683,0.05030182102459433,0.000918381401958598
GLY 108,R GLY 108,0.0,0.0,0.0,-0.008129333333333431,0.008487398868649496,0.00015495799383010518,-0.009440333333333323,0.017825518409167095,0.00032544795106414733,0.023724666666666748,0.02150713505379583,0.0003926647672091353,-4.780800000000001e-06,0.0001470520940053558,2.684791633836786e-06,0.006150219199999983,0.006982692911741502,0.0001274859473297417
SER 109,R SER 109,0.0,0.0,0.0,-0.004501999999999984,0.004349482268040623,7.941031838915268e-05,-0.010853000000000019,0.020824314098347972,0.0003801982192079346,0.016643000000000067,0.02030332200240477,0.00037068624843360166,0.0,0.0,0.0,0.0012879999999999795,0.009025614808237008,0.00016478442752746912
ARG 110,R ARG 110,0.0,0.0,0.0,-0.001988666666666679,0.0015844678040977853,2.8928291931501117e-05,0.12026299999999965,0.06774028218866657,0.00123676268688327,-0.11201399999999978,0.06573578784802103,0.0012001657946578367,0.0,0.0,0.0,0.006260333333333421,0.004716413880152367,8.610954242299728e-05
SER 111,R SER 111,0.0,0.0,0.0,-0.0005639999999999953,0.0004978995882705528,9.090361195610547e-06,0.0008070000000000137,0.007329466851915863,0.0001338171443093565,0.00213433333333336,0.00710250809378085,0.00012967346326089296,0.0,0.0,0.0,0.0023773333333333407,0.0018682307732778474,3.410907123831989e-05
GLY 112,R GLY 112,0.0,0.0,0.0,-0.00048566666666666403,0.0004997945133307746,9.124957635619389e-06,0.0013679999999999988,0.005436228104117782,9.925149201229506e-05,0.0032376666666666764,0.005538517962616188,0.000101119040775748,0.0,0.0,0.0,0.004119999999999993,0.0014302447343024804,2.6112576791015042e-05
GLN 113,R GLN 113,0.0,0.0,0.0,-0.0036356666666666772,0.0031077743197057937,5.673993661793784e-05,0.007268333333333272,0.01889282925403724,0.0003449342919176565,0.00867366666666664,0.018760272916162196,0.00034251415537117527,0.0,0.0,0.0,0.012306333333333247,0.005999318840964777,0.00010953207529540521
HID 114,R HID 114,0.0,0.0,0.0,-0.007783666666666647,0.00484728789003596,8.849896400314388e-05,0.026769666666666764,0.02650607376726194,0.0004839324837741767,0.005738999999999996,0.023503096512303756,0.00042910587103365877,0.0,0.0,0.0,0.02472500000000017,0.010542424215204427,0.00019247745178187207
SER 115,R SER 115,0.0,0.0,0.0,-0.028364333333333592,0.009098219306849682,0.00016610999824968626,-0.04217700000000009,0.05589828564157134,0.0010205583990585251,0.04946633333333343,0.05157368385674576,0.0009416023340659895,0.0,0.0,0.0,-0.021075000000000007,0.026481314953504052,0.00048348045174776794
ASN 116,R ASN 116,0.0,0.0,0.0,-0.04996566666666669,0.02397983502630642,0.0004378098856386838,-0.025950000000000088,0.10490777934293878,0.0019153452401300688,0.08239033333333338,0.118750640587278,0.002168080152261356,-1.982399999999995e-06,0.00010856242153820974,1.9820695724620724e-06,0.006472684266666493,0.03853908476832311,0.0007036242024404775
LEU 117,R LEU 117,0.0,0.0,0.0,-1.1270683333333325,0.5548991268665211,0.010131025630823819,-0.44415033333333365,0.8732178405567289,0.015942703629628997,0.6114706666666669,0.6520517789814602,0.011904782266983955,-0.16798362959999993,0.0735598618189487,0.0013430131881733735,-1.1277316295999986,0.6629015010048976,0.012102870183480533
LEU 118,R LEU 118,0.0,0.0,0.0,-0.7644749999999999,0.3208290022867811,0.005857509388478217,-0.008580666666666608,0.14780921540809114,0.002698614716205056,0.11311333333333336,0.10898742965233342,0.0019898291235030145,-0.0689931792000002,0.03961367091477613,0.0007232433715203065,-0.7289355125333349,0.3767717524472419,0.006878879594870223
ARG 119,R ARG 119,0.0,0.0,0.0,-0.4218963333333336,0.4111169447410588,0.007505934146909426,-0.14685866666666664,0.6686534164709129,0.012207885311800512,0.5952476666666665,0.6209502167333737,0.011336948026419687,-0.04218755999999988,0.06442945465954064,0.0011763155228262246,-0.015694893333332884,0.34349667324405636,0.006271362545458363
PRO 120,R PRO 120,0.0,0.0,0.0,-0.07415166666666662,0.04428628829057188,0.0008085533028307707,0.04765933333333326,0.04764429255313685,0.0008698617922576151,-0.028508333333333327,0.0545490231860805,0.0009959243496296204,-2.3352e-06,7.03111641274698e-05,1.2837003545687751e-06,-0.05500300186666667,0.0488941915279148,0.0008926817210272306
VAL 121,R VAL 121,0.0,0.0,0.0,-0.47659299999999893,0.21864103004163785,0.003991820804998991,0.06044766666666672,0.05218294671527158,0.0009527259011014786,-0.034312666666666665,0.04489013521427124,0.000819577988877112,-0.09209221919999984,0.04454138703530786,0.0008132107473935423,-0.542550219199999,0.24915699207496134,0.0045489634973197406
SER 122,R SER 122,0.0,0.0,0.0,-0.02425500000000015,0.009140786344728978,0.00016688716247810847,0.009374999999999986,0.037097641996044234,0.0006773071783828134,0.01752066666666664,0.046596125442167555,0.0008507249665671851,0.0,0.0,0.0,0.002640666666666653,0.015716388884077535,0.000286940690477757
ASP 123,R ASP 123,0.0,0.0,0.0,-0.0038573333333332847,0.0011367994057394919,2.075502259606625e-05,-0.1359716666666663,0.09809382683884353,0.001790940057054676,0.15050733333333302,0.0980903322430697,0.001790876254756853,0.0,0.0,0.0,0.010678333333333437,0.004521525983804939,8.255139252252344e-05
LYS 124,R LYS 124,0.0,0.0,0.0,-0.0038379999999999448,0.0010916757760436927,1.9931181600702943e-05,0.1388610000000001,0.0681020534125069,0.0012433676955483901,-0.12278700000000049,0.06619174392878005,0.0012084903756799487,0.0,0.0,0.0,0.012236000000000004,0.004924324386823744,8.990545157120533e-05
VAL 125,R VAL 125,0.0,0.0,0.0,-0.006502333333333322,0.0022744950843844175,4.152640882173206e-05,0.016276000000000006,0.008206734470340015,0.00014983378642868125,-0.004884666666666665,0.0072572743888843,0.000132499096293215,0.0,0.0,0.0,0.004889000000000075,0.0030354591635094147,5.5419648541328956e-05
LEU 126,R LEU 126,0.0,0.0,0.0,-0.0033759999999999667,0.0010158530077395771,1.8546853581614548e-05,-0.016715666666666573,0.009417792799919786,0.00017194458528086015,0.015337333333333467,0.009146048667168742,0.00016698323890161263,0.0,0.0,0.0,-0.004754333333333306,0.0024635978883648605,4.49789378693176e-05
PHE 127,R PHE 127,0.0,0.0,0.0,-0.00569133333333332,0.002078474975125257,3.794758763620307e-05,0.012089333333333301,0.009144471165075243,0.00016695443778557526,-0.006023999999999976,0.008774817604941908,0.00016020551800733794,0.0,0.0,0.0,0.00037400000000003343,0.002914468047517422,5.321066309177768e-05
VAL 128,R VAL 128,0.0,0.0,0.0,-0.004435666666666641,0.0021555806384566077,3.9355338006802396e-05,-0.014040999999999993,0.01238062945357247,0.00022603833426115,0.019780000000000207,0.014160706197078777,0.0002585379404781081,0.0,0.0,0.0,0.001303333333333366,0.0033089760081062188,6.041336006277244e-05
GLU 129,R GLU 129,0.0,0.0,0.0,-0.0034689999999999977,0.0021851862620838845,3.989586026979131e-05,-0.16009366666666677,0.08031567858491578,0.001466356962743099,0.16808000000000056,0.08181106037694368,0.0014936587740623048,0.0,0.0,0.0,0.00451733333333379,0.0036623807678735224,6.686561869124733e-05
ASN 130,R ASN 130,0.0,0.0,0.0,-0.004693999999999967,0.0029714806634628227,5.4251566285633504e-05,-0.0041319999999999526,0.013339386892457578,0.00024354277014292515,0.009294333333333297,0.014102306001344538,0.0002574717036592294,0.0,0.0,0.0,0.00046833333333326976,0.006958902970695495,0.00012705160441798781
PHE 131,R PHE 131,0.0,0.0,0.0,-0.2265133333333328,0.19567149806641684,0.0035724564450601666,0.004350333333333327,0.05713656972455465,0.0010431662698868439,0.028134666666666683,0.05422185781480465,0.0009899511545002093,-0.020614029599999886,0.0186218309910601,0.00033998656319508,-0.21464236293333344,0.19130057736854322,0.0034926547162837797
ASP 132,R ASP 132,0.0,0.0,0.0,-0.0025613333333333235,0.0013917273040682087,2.5409347944466974e-05,-0.1570716666666665,0.09267349421790207,0.001691978775532318,0.15960333333333343,0.09441110451401047,0.001723703054043378,0.0,0.0,0.0,-2.966666666645542e-05,0.00512706412633548,9.360695585898197e-05
ASP 133,R ASP 133,0.0,0.0,0.0,-0.0018083333333333256,0.00089121483879521,1.627128235971556e-05,-0.1520639999999996,0.06786068501471747,0.0012389609316771184,0.15619066666666673,0.06788997210847005,0.0012394956384068536,0.0,0.0,0.0,0.0023183333333332214,0.00284681059355129,5.197541263442375e-05
MET 134,R MET 134,0.0,0.0,0.0,-0.03145933333333339,0.01824055041810827,0.0003330253641769396,0.009403000000000014,0.028163947243476654,0.0005142009737879202,-4.366666666666763e-05,0.03848977041443029,0.0007027238496392812,-4.14432e-05,0.0006706378716816998,1.2244116341244066e-05,-0.022141443200000006,0.022524193768366847,0.0004112336338850605
LEU 135,R LEU 135,0.0,0.0,0.0,-0.010014333333333274,0.005181582244407193,9.460231596100221e-05,0.0061609999999999825,0.008951745397779553,0.00016343576278023058,-0.004562999999999993,0.008835422891218393,0.00016131201408726092,0.0,0.0,0.0,-0.00841633333333333,0.005944829677029294,0.00010853724382116985
ARG 136,R ARG 136,0.0,0.0,0.0,-0.0015233333333333292,0.0006143741169316193,1.121688541969215e-05,0.1380156666666667,0.06833943289118659,0.0012477016320537795,-0.12866966666666685,0.06606504279790407,0.0012061771400985423,0.0,0.0,0.0,0.007822666666666919,0.0034211917351842694,6.246212956368884e-05
LEU 137,R LEU 137,0.0,0.0,0.0,-0.0020069999999999945,0.0006295111860270403,1.1493249226294695e-05,0.007561333333333295,0.006267288479788422,0.00011442450915907929,-0.0011080000000000022,0.006024367408007765,0.00010998939746882605,0.0,0.0,0.0,0.0044463333333332805,0.0020669913454637867,3.773792620261565e-05
VAL 138,R VAL 138,0.0,0.0,0.0,-0.006584333333333279,0.0015843677673515351,2.8926465518751094e-05,0.00545966666666668,0.009130737824635166,0.00016670370244061097,0.003458333333333341,0.00937828683123347,0.0001712233082740072,0.0,0.0,0.0,0.0023336666666666974,0.003353555310744385,6.122726305119822e-05
GLU 139,R GLU 139,0.0,0.0,0.0,-0.0015160000000000121,0.0005244781533422405,9.575617183473288e-06,-0.113131666666667,0.0790190968303792,0.0014426847269227887,0.11404033333333297,0.07850666663765311,0.001433329074399362,0.0,0.0,0.0,-0.0006073333333335711,0.0029681328960961774,5.4190444695500456e-05
ALA 140,R ALA 140,0.0,0.0,0.0,-0.0004870000000000001,0.0004998309714293334,9.125623266385537e-06,0.004228333333333315,0.003434850392989811,6.271150139653347e-05,-0.0011273333333333333,0.003368449626889057,6.149919481556657e-05,0.0,0.0,0.0,0.0026140000000000334,0.001206235466233678,2.2022745817298216e-05
GLY 141,R GLY 141,0.0,0.0,0.0,-0.0006196666666666632,0.0004854687311134121,8.863405833140862e-06,0.0014260000000000245,0.005056203186845524,9.231321802549338e-05,0.005736333333333361,0.005087056767479127,9.2876524761921e-05,0.0,0.0,0.0,0.00654266666666671,0.0014517275532580573,2.650479760904068e-05
VAL 142,R VAL 142,0.0,0.0,0.0,-0.0013989999999999866,0.0005044459006342542,9.20987996061302e-06,-0.0014183333333333058,0.005058589779331305,9.235679104349454e-05,0.009240666666666713,0.005003073677472686,9.13432103337372e-05,0.0,0.0,0.0,0.006423333333333317,0.0021574959765637376,3.939030713635321e-05
GLY 143,R GLY 143,0.0,0.0,0.0,-0.002912666666666667,0.0006921268348761771,1.2636449337211184e-05,0.020136333333333242,0.009042257086713731,0.0001650882725718019,-0.018087666666666762,0.012214307780449482,0.00022300172985543462,0.0,0.0,0.0,-0.0008639999999999872,0.005959152959943211,0.00010879874999281922
TRP 144,R TRP 144,0.0,0.0,0.0,-0.4091983333333338,0.20474410287939618,0.003738098788773457,-0.09776733333333334,0.09884580854149676,0.0018046693017671532,0.22700733333333323,0.1061705512193578,0.0019384001948533295,-0.037042113600000044,0.021583357821667322,0.00039405639818775853,-0.31700044693333346,0.20430274063347034,0.003730040653502633
GLY 145,R GLY 145,0.0,0.0,0.0,-0.07151133333333316,0.025806585817491512,0.00047116163948109996,0.04888499999999983,0.04923105837104609,0.0008988320399891827,-0.026379333333333334,0.04774587702502582,0.0008717164624824765,-1.25208e-05,0.0002891733290041804,5.279558510815084e-06,-0.04901818746666668,0.031431303432523434,0.0005738544633927547
ILE 146,R ILE 146,0.0,0.0,0.0,-2.2099533333333343,1.0062344391288145,0.01837124334831369,-0.3177786666666664,0.2318820095326259,0.004233566910021572,0.3687513333333337,0.2746015310073038,0.00501351509527182,-0.2682150575999997,0.10661863986113589,0.0019465811367487865,-2.4271957242666637,1.083362828522577,0.019779408638147217
ALA 147,R ALA 147,0.0,0.0,0.0,-0.31504666666666653,0.23626145366709464,0.004313524254747646,0.1823926666666666,0.1666556864103024,0.003042702626114326,-0.088014,0.10087215904632273,0.0018416652311306586,-0.0036104856000000137,0.005946099347467431,0.00010856042472582202,-0.22427848559999997,0.19151527113667746,0.0034965744702758765
PRO 148,R PRO 148,0.0,0.0,0.0,-0.44298666666666675,0.3468916254714475,0.006333345609344848,0.11286999999999983,0.12387546071222796,0.0022616461384477407,-0.08225899999999997,0.08710625265922846,0.0015903353160401262,-0.02967580079999994,0.02518292118859616,0.0004597751332956309,-0.44205146746666757,0.3576957618182582,0.006530601249061837
HIE 149,R HIE 149,0.0,0.0,0.0,-0.031621666666666756,0.02103501518632404,0.0003840450771671137,-0.002730666666666651,0.02741755142645346,0.0005005737129275501,0.02475699999999998,0.028209512893112323,0.0005150328849263479,0.0,0.0,0.0,-0.009595333333333442,0.018404734306392036,0.0003360229381500038
TYR 150,R TYR 150,0.0,0.0,0.0,-0.018248999999999935,0.01404871283546403,0.00025649323079653374,0.043970333333333333,0.04132570773609177,0.0007545007443974404,-0.027343333333333344,0.0318070766060356,0.0005807151115140186,0.0,0.0,0.0,-0.0016220000000000056,0.007133567317034799,0.00013024052450071887
PHE 151,R PHE 151,0.0,0.0,0.0,-0.017902333333333353,0.011828389347478924,0.00021595585548560064,0.018777999999999993,0.022405565885883428,0.00040906779497888577,0.008927666666666665,0.017441724911512826,0.00031844087252784573,0.0,0.0,0.0,0.009803333333333296,0.006324185498720173,0.00011546330184986992
VAL 152,R VAL 152,0.0,0.0,0.0,-0.013286666666666664,0.006164940298890868,0.0001125558955791723,0.002639000000000048,0.01600520787118997,0.00029221377962033285,0.008332666666666657,0.015073862573636947,0.00027520981867712777,0.0,0.0,0.0,-0.0023149999999999985,0.006555133484529501,0.00011967981589780832
GLU 153,R GLU 153,0.0,0.0,0.0,-0.0029813333333333107,0.0011708906391669459,2.1377440514779272e-05,-0.03795933333333335,0.1254682045229874,0.0022907255288970637,0.04732033333333355,0.12661361322236364,0.0023116377349707644,0.0,0.0,0.0,0.00637966666666672,0.004684177610732629,8.552099135863046e-05
GLU 154,R GLU 154,0.0,0.0,0.0,-0.0010053333333333299,0.0005118315695182827,9.3447232089479e-06,-0.05022100000000005,0.0831655146419875,0.0015183876125314244,0.05364366666666657,0.08363180033070886,0.0015269007855299084,0.0,0.0,0.0,0.00241733333333309,0.0024995665402002894,4.56356326017614e-05
ARG 155,R ARG 155,0.0,0.0,0.0,-0.002520999999999996,0.0008900705964510253,1.6250391448276807e-05,0.1329886666666671,0.11044381620635088,0.0020164189824391004,-0.10918400000000006,0.10644019358619507,0.0019433231684125246,0.0,0.0,0.0,0.021283666666667065,0.006865896388835791,0.0001253535443219541
LEU 156,R LEU 156,0.0,0.0,0.0,-0.004029333333333312,0.0010971810343887204,2.0031693406718453e-05,-0.00207033333333338,0.009198444790047788,0.00016793985684916815,0.005596,0.009319341035359299,0.0001701471102049946,0.0,0.0,0.0,-0.0005036666666667072,0.0021329134743089807,3.894149410285814e-05
ARG 157,R ARG 157,0.0,0.0,0.0,-0.0009283333333333251,0.00037576218838810207,6.860447561255643e-06,0.029737666666666666,0.09616682127717202,0.0017557579099024962,-0.025327666666666686,0.09530432467219009,0.0017400109483584885,0.0,0.0,0.0,0.003481666666666693,0.0022459587163518964,4.1005408405709355e-05
ASN 158,R ASN 158,0.0,0.0,0.0,-0.00040133333333333064,0.0004901682250910225,8.949206461820757e-06,0.003284999999999935,0.007289794807354565,0.0001330928351857374,4.299999999999749e-05,0.0070827361238436845,0.00012931247812952965,0.0,0.0,0.0,0.002926666666666525,0.0013703851851049292,2.501969594509541e-05
GLY 159,R GLY 159,0.0,0.0,0.0,-0.0003406666666666681,0.0004739334224222774,8.652800873876866e-06,-0.0014776666666666653,0.004822395796927327,8.804449863983998e-05,0.00621333333333334,0.004883900990897435,8.916742471121194e-05,0.0,0.0,0.0,0.004394999999999984,0.001161166798239291,2.1199908280723655e-05
THR 160,R THR 160,0.0,0.0,0.0,-0.0008363333333333291,0.00037887538262010057,6.917286451480994e-06,-0.002331333333333331,0.0033040709569996437,6.032380649154622e-05,0.01046266666666679,0.004236972923627317,7.735618819364316e-05,0.0,0.0,0.0,0.007294999999999945,0.0023392252991106676,4.2708215446989396e-05
LEU 161,R LEU 161,0.0,0.0,0.0,-0.004407333333333315,0.0008033759324802279,1.4667570679205601e-05,0.006237666666666658,0.008179436485615728,0.0001493353956950838,0.010615999999999997,0.009110170726537753,0.00016632820032159849,0.0,0.0,0.0,0.01244633333333333,0.00453377545638177,8.277503627078583e-05
ALA 162,R ALA 162,0.0,0.0,0.0,-0.004590666666666631,0.002018525754659073,3.6853069624397096e-05,-0.008899999999999934,0.01063951753292108,0.0001942501251250863,0.010131333333333376,0.011479957239564282,0.00020959438464346984,0.0,0.0,0.0,-0.003359333333333335,0.003911463437413463,7.1413225250935e-05
VAL 163,R VAL 163,0.0,0.0,0.0,-0.02800000000000039,0.022174595073341137,0.0004048508641737288,-0.027149999999999917,0.029233248764606035,0.0005337236592511585,0.03660600000000031,0.03613633578546633,0.0006597562085093691,0.0,0.0,0.0,-0.018544000000000005,0.03198270465944574,0.0005839216264001337
LEU 164,R LEU 164,0.0,0.0,0.0,-0.20505499999999888,0.23342063456701,0.004261658231317383,-0.16859566666666648,0.21405364634725652,0.003908067020687523,0.2526293333333337,0.3231455378095461,0.005899803347180897,-0.003946804800000016,0.007482587876437992,0.00013661273894799222,-0.12496813813333318,0.15112898891701612,0.002759225210759932
SER 165,R SER 165,0.0,0.0,0.0,-0.49112366666666807,0.5450593145458734,0.009951376058502619,-0.10987433333333305,0.1880630351980133,0.0034335455536946636,0.16510733333333355,0.2183533019662311,0.003986567633088064,-0.04408069920000007,0.059620170365739675,0.0010885104063872216,-0.4799713658666658,0.5673204079793164,0.010357806159443513
GLU 166,R GLU 166,0.0,0.0,0.0,-0.04125966666666707,0.039640033298284076,0.0007237246805908699,0.0640493333333335,0.16686691773053408,0.0030465591647457426,-0.002794666666666856,0.159933700341388,0.0029199765127416633,0.0,0.0,0.0,0.01999499999999976,0.022059895172008508,0.00040275674006361216
LEU 167,R LEU 167,0.0,0.0,0.0,-0.03709366666666734,0.029428640696135367,0.0005372910115329292,0.06004666666666667,0.02903049813940864,0.0005300219562188622,-0.05061199999999992,0.03061302755364144,0.0005589148581552203,-2.2319999999999746e-06,5.790305774309298e-05,1.0571603624805398e-06,-0.027661231999999973,0.027809128311666653,0.0005077228960285127
TYR 168,R TYR 168,0.0,0.0,0.0,-1.035792666666666,0.4305118120867612,0.007860034358411478,-0.17322399999999982,0.2375242075185885,0.004336578880382303,0.5151769999999999,0.27206333393348214,0.004967174168847629,-0.14730084959999992,0.04952785281377681,0.0009042507403633756,-0.8411405162666641,0.3714770295274546,0.006782211622239984
GLU 169,R GLU 169,0.0,0.0,0.0,-0.2308706666666669,0.3489566992329538,0.006371048525414483,0.7681963333333326,0.5939098975881959,0.010843261601154598,-0.6652376666666654,0.5536523522764284,0.010108262745253218,-0.020090390399999967,0.04451990863287559,0.0008128186072098313,-0.1480023903999997,0.35047388796093787,0.0063987484750914645
PRO 170,R PRO 170,0.0,0.0,0.0,-0.018505333333333582,0.015549189846705258,0.00028388806766569216,0.017675333333333255,0.027969088738979124,0.0005106433605067529,0.00884199999999996,0.03484620069199327,0.0006362016720785614,0.0,0.0,0.0,0.008012000000000024,0.010974418253374625,0.00020036454776232424
GLY 171,R GLY 171,0.0,0.0,0.0,-0.016970666666666925,0.022528333409781554,0.00041130921305115436,-0.0018583333333333481,0.07287961029823312,0.0013305935514176027,0.03300200000000035,0.07576416476584895,0.001383258069759786,-2.8924800000000005e-05,0.00042813178357248825,7.816581181585717e-06,0.014144075199999998,0.015358758415691221,0.00028041128131821297
GLY 172,R GLY 172,0.0,0.0,0.0,-0.0388933333333339,0.056444231670639125,0.0010305259642352186,-0.015547000000000009,0.0861769562644215,0.0015733687627719928,0.04811900000000003,0.06777489337751372,0.0012373945978457253,-0.00021174720000000002,0.0021008641924913085,3.835635694941217e-05,-0.006533080533333348,0.05803937204441805,0.00105964910973875
ILE 173,R ILE 173,0.0,0.0,0.0,-1.506183000000002,0.35855435781899975,0.0065462769956415,-0.41066399999999936,0.21761552894344227,0.00397309780219139,0.37253000000000036,0.1607650472998791,0.002935154762150959,-0.20033882880000015,0.09065010745216157,0.0016550369563938683,-1.744655828800005,0.3958208610651284,0.007226667144549639
ASP 174,R ASP 174,0.0,0.0,0.0,-0.13459900000000027,0.07746346363931769,0.0014142828805911842,1.1541643333333318,0.5814171594714885,0.010615176452103756,-0.9658316666666654,0.5087730076670329,0.009288881764966091,-0.0022517711999999815,0.0048300241724747815,8.818377308532203e-05,0.05148189546666653,0.07781305289519047,0.0014206654779679497
THR 175,R THR 175,0.0,0.0,0.0,-0.6100030000000011,0.5191349024974123,0.00947806321620259,-1.628494666666666,1.5495602244846434,0.028290969638766938,0.842101666666666,0.6652843236771502,0.012146374374418114,-0.06743605680000006,0.04907698869566288,0.0008960191254346867,-1.4638320567999987,1.2374405085795661,0.02259246933732311
LYS 176,R LYS 176,0.0,0.0,0.0,-0.04788199999999991,0.02809132860273191,0.0005128751448668782,-0.5004343333333326,0.2938403756371081,0.0053647667347411845,0.5705503333333338,0.3187358668237499,0.005819294138177677,-2.496000000000017e-06,0.00013668876319581011,2.495583965327571e-06,0.02223150400000006,0.01968999007819257,0.0003594883907626327
VAL 177,R VAL 177,0.0,0.0,0.0,-0.018082999999999946,0.012437608733193056,0.00022707862881976966,0.01368633333333329,0.011292650112155047,0.00020617464001468542,-0.006820333333333334,0.01158743802092973,0.00021155670625854108,0.0,0.0,0.0,-0.011217000000000091,0.012649871316868675,0.00023095399565955182
TYR 178,R TYR 178,0.0,0.0,0.0,-0.015506666666666597,0.007678017683983186,0.00014018078274803875,-0.011868666666666689,0.037657944069685416,0.0006875368478744866,0.010696333333333316,0.03750851618706815,0.0006848086804734963,0.0,0.0,0.0,-0.016679000000000017,0.011666445859815203,0.0002129991854444513
CYS 179,R CYS 179,0.0,0.0,0.0,-0.0010769999999999977,0.0006824497539501652,1.2459770820078528e-05,0.0032893333333333425,0.003957476412507792,7.225330339750459e-05,0.002049666666666668,0.004397787309798218,8.02922437562148e-05,0.0,0.0,0.0,0.004261999999999986,0.0026500357230296472,4.838281145659501e-05
TYR 180,R TYR 180,0.0,0.0,0.0,-0.0032726666666666507,0.0014100778544304956,2.5744381623668945e-05,-0.0006076666666667071,0.009381741552374817,0.00017128638256397406,-0.003225333333333316,0.009423758533031727,0.00017205350416744233,0.0,0.0,0.0,-0.0071056666666667635,0.003283570397533068,5.99495191961689e-05
TYR 181,R TYR 181,0.0,0.0,0.0,-0.00040933333333333577,0.0004917108454727826,8.977370727846e-06,0.0032263333333333493,0.004383655995728775,8.0034242440114e-05,-0.004226333333333328,0.0046692368993468385,8.524821253692474e-05,0.0,0.0,0.0,-0.0014093333333333109,0.0010091809660423884,1.842503932354237e-05
ASN 182,R ASN 182,0.0,0.0,0.0,-0.00011200000000000458,0.00031536645351084533,5.757777348943142e-06,0.0036046666666667494,0.0020855962110522706,3.807760302135446e-05,-0.0033959999999999984,0.0021023440885512934,3.838337603123939e-05,0.0,0.0,0.0,9.666666666673744e-05,0.0007108601987891428,1.2978472203647335e-05
THR 183,R THR 183,0.0,0.0,0.0,-7.899999999999906e-05,0.00026973876250920676,4.924733495327378e-06,0.00041333333333329727,0.0023030028706499664,4.2046887408471295e-05,-0.0005086666666666605,0.0022606617516903265,4.1273847876331146e-05,0.0,0.0,0.0,-0.00017433333333335572,0.000645967921460168,1.1793706733615317e-05
ALA 184,R ALA 184,0.0,0.0,0.0,-3.500000000000018e-05,0.000183779759494892,3.355343996274219e-06,0.0006339999999999928,0.0011454448917342134,2.0912866852729716e-05,-0.0005863333333333427,0.001146827459656519,2.0938108974007374e-05,0.0,0.0,0.0,1.2666666666679779e-05,0.0006200856571653672,1.1321163400496219e-05
LEU 185,R LEU 185,0.0,0.0,0.0,-9.499999999999767e-05,0.0002932149382279077,5.35334786216363e-06,0.0004509999999999934,0.0014309433951068963,2.612533253376915e-05,-0.00023100000000000084,0.0014777141130814261,2.697924510928123e-05,0.0,0.0,0.0,0.00012500000000000903,0.0006522077889752281,1.1907630606743386e-05
GLU 186,R GLU 186,0.0,0.0,0.0,-7.866666666666615e-05,0.0002692177970012777,4.915222009981549e-06,0.04563333333333326,0.03804948824301795,0.0006946854337409514,-0.04561800000000026,0.03790576133870224,0.000692061351487148,0.0,0.0,0.0,-6.3333333333451e-05,0.0006653236472243931,1.2147092320880316e-05
SER 187,R SER 187,0.0,0.0,0.0,-2.8333333333332953e-05,0.00016592334240713333,3.029331915101348e-06,0.00024366666666665463,0.0012150280746642142,2.2183276149855378e-05,-0.000258000000000003,0.0012253309756959528,2.237138052661626e-05,0.0,0.0,0.0,-4.266666666669246e-05,0.0006029203006110407,1.1007768300748759e-05
GLU 188,R GLU 188,0.0,0.0,0.0,-4.066666666666648e-05,0.00019751680659854865,3.6061470153470112e-06,0.017459666666666686,0.02527049082537888,0.0004613739288095785,-0.017423333333333305,0.025179557625626122,0.0004597137233185549,0.0,0.0,0.0,-4.33333333312665e-06,0.0006204685505503824,1.1328154045299297e-05
ARG 189,R ARG 189,0.0,0.0,0.0,-3.599999999999981e-05,0.00018629009635511926,3.4011762671169915e-06,-0.025560000000000287,0.022647275038438622,0.00041348078015255034,0.02555699999999997,0.022568948085071937,0.0004120507321785641,0.0,0.0,0.0,-3.9000000000205164e-05,0.000627810215484456,1.1462193895100523e-05
SER 190,R SER 190,0.0,0.0,0.0,-4.066666666666541e-05,0.00019751680659854342,3.6061470153469155e-06,0.00044466666666666477,0.0015054140810938292,2.7484975020033387e-05,-0.00024866666666666565,0.0015544017784629874,2.8379363916344203e-05,0.0,0.0,0.0,0.00015533333333334133,0.0006222578958027921,1.1360822870562948e-05
PHE 191,R PHE 191,0.0,0.0,0.0,-0.00018266666666667158,0.00038639300660799254,7.054538859381341e-06,4.000000000000929e-05,0.0019636021321370856,3.585030605789072e-05,-0.0001746666666666658,0.001979602204709041,3.6142426080203374e-05,0.0,0.0,0.0,-0.0003173333333333505,0.0007316416852228123,1.335788850025428e-05
LEU 192,R LEU 192,0.0,0.0,0.0,-8.099999999999977e-05,0.0002728351150420333,4.98126489960129e-06,0.0011256666666666735,0.002126940186172521,3.883243728103091e-05,-0.001244333333333334,0.002099198550770205,3.832594663129983e-05,0.0,0.0,0.0,-0.00019966666666665104,0.0006586348676534869,1.202497247244148e-05
ARG 193,R ARG 193,0.0,0.0,0.0,-6.933333333333269e-05,0.0002540201216876745,4.637751690284887e-06,-0.017220999999999976,0.02653938254117184,0.00048454061600195316,0.017388666666666615,0.026422331556637788,0.0004824035671817035,0.0,0.0,0.0,9.83333333329123e-05,0.0006613097274008437,1.2073808506501143e-05
PHE 194,R PHE 194,0.0,0.0,0.0,-0.0002729999999999945,0.0004455008417500405,8.133695347134549e-06,0.0008936666666666386,0.002255000344912516,4.117048520301717e-05,-0.0007913333333333338,0.0024042583518046217,4.3895551111786095e-05,0.0,0.0,0.0,-0.0001706666666666834,0.0007883778000144373,1.4393743496806799e-05
LEU 195,R LEU 195,0.0,0.0,0.0,-0.0002893333333333334,0.00045345292540191907,8.278879866977946e-06,3.93333333333897e-05,0.003669303233888115,6.699200505090583e-05,0.0003139999999999992,0.0038650662780000985,7.056613289043958e-05,0.0,0.0,0.0,6.400000000002211e-05,0.0008728711245081101,1.5936373489599743e-05
GLU 196,R GLU 196,0.0,0.0,0.0,-0.0001433333333333328,0.0003504124553849184,6.397626874836414e-06,0.057250666666666554,0.04412133836994968,0.0008055417430846551,-0.057276666666666594,0.043917272102088824,0.0008018160198135458,0.0,0.0,0.0,-0.00016933333333323948,0.0007857011023425083,1.4344873906988895e-05
SER 197,R SER 197,0.0,0.0,0.0,-9.53333333333329e-05,0.00029367480124942283,5.361743773838508e-06,0.001545666666666698,0.002757519638290101,5.034519028849915e-05,-0.0007726666666666624,0.0029833403351873333,5.4468093276570855e-05,0.0,0.0,0.0,0.0006776666666667199,0.0008114398040246064,1.4814796157394939e-05
ALA 198,R ALA 198,0.0,0.0,0.0,-0.00022366666666666507,0.00041670119856905547,7.607888206523704e-06,-0.00037666666666666545,0.003931681856689624,7.178236139475669e-05,0.001996999999999998,0.004596990791086413,8.392918509738489e-05,0.0,0.0,0.0,0.001396666666666695,0.0011755802349856018,2.1463060428627933e-05
ARG 199,R ARG 199,0.0,0.0,0.0,-0.0005586666666666584,0.0004972171446047161,9.077901535943703e-06,-0.08167299999999988,0.06279782430679118,0.001146526164502525,0.08540400000000008,0.06285173652334483,0.0011475104624069097,0.0,0.0,0.0,0.0031723333333337107,0.00260255667031887,4.751596651730603e-05
GLN 200,R GLN 200,0.0,0.0,0.0,-0.000187999999999998,0.0003907121702737155,7.133395638357113e-06,0.0017786666666667018,0.0050203265055395055,9.165820243750237e-05,-0.0012073333333333307,0.0050538776751674255,9.227076018536551e-05,0.0,0.0,0.0,0.00038333333333334825,0.0008693228526975594,1.5871591205906467e-05
ARG 201,R ARG 201,0.0,0.0,0.0,-0.00028166666666666753,0.0004498116889939157,8.212400289715529e-06,-0.013706999999999662,0.04799290035341983,0.0008762264707888567,0.01620866666666672,0.047141684931939015,0.0008606854745341463,0.0,0.0,0.0,0.002220000000000283,0.0017220917513304293,3.1440949943241775e-05
LEU 202,R LEU 202,0.0,0.0,0.0,-0.0010603333333333337,0.0006792347818603527,1.2401073728900533e-05,-0.00011533333333333809,0.005966520333401075,0.00010893325921390043,0.0037999999999999983,0.006838518358046101,0.00012485369215383465,0.0,0.0,0.0,0.0026243333333333253,0.0014616912198621786,2.6686708440858614e-05
ARG 203,R ARG 203,0.0,0.0,0.0,-0.0008449999999999976,0.0005647787177293213,1.031140145663974e-05,-0.10659666666666645,0.07950817141792633,0.001451613966386192,0.11052300000000012,0.08014965255279215,0.0014633257559788593,0.0,0.0,0.0,0.0030813333333331626,0.0031358228408001113,5.725203020820508e-05
GLU 204,R GLU 204,0.0,0.0,0.0,-0.0003159999999999965,0.0004649128950674508,8.488109330115837e-06,0.045409999999999846,0.0610477673629431,0.0011145746423337202,-0.04448866666666678,0.060694908118849006,0.0011081323434132349,0.0,0.0,0.0,0.0006053333333332821,0.0015471171757678874,2.8246365875725228e-05
LEU 205,R LEU 205,0.0,0.0,0.0,-0.0009113333333333342,0.0006440534829413521,1.1758754028224907e-05,0.0021249999999999906,0.0056763287724843296,0.00010363511041684257,0.0022803333333333486,0.006462126576359289,0.00011798174984418709,0.0,0.0,0.0,0.003493999999999954,0.0024566842152244405,4.485271204484341e-05
GLY 206,R GLY 206,0.0,0.0,0.0,-0.0007853333333333305,0.0006281599230202963,1.1468578651964164e-05,0.0007446666666666669,0.0077353391364280875,0.00014122732449913983,0.0031656666666666595,0.007714157194549688,0.0001408405969198544,0.0,0.0,0.0,0.0031250000000000184,0.002955002820077614,5.395072340159629e-05
ARG 207,R ARG 207,0.0,0.0,0.0,-0.0012409999999999986,0.001087007666332982,1.984595396772077e-05,-0.12032066666666731,0.09259272022980745,0.0016905040510210155,0.12701466666666691,0.09641934341660333,0.0017603683123036957,0.0,0.0,0.0,0.005452999999999624,0.006648893968172512,0.00012139164029427069
GLN 208,R GLN 208,0.0,0.0,0.0,-0.002134000000000002,0.002589088127764958,4.72700656981895e-05,-0.014818000000000067,0.03411519030187768,0.0006228553093973294,0.02433300000000003,0.04080238691138828,0.0007449462570473634,0.0,0.0,0.0,0.007380999999999875,0.007890236941942755,0.00014405535857208755
ARG 209,R ARG 209,0.0,0.0,0.0,-0.002597666666666662,0.0020356312425278845,3.7165371676493064e-05,-0.019636333333333436,0.13420947090235102,0.0024503184881350293,0.031522666666666546,0.13110871882864572,0.0023937067596017185,0.0,0.0,0.0,0.009288666666666567,0.0074147154287196645,0.00013537356325971162
PHE 210,R PHE 210,0.0,0.0,0.0,-0.004831666666666649,0.004802637874705499,8.768376998349571e-05,0.004251000000000022,0.012562298051444787,0.00022935513389598345,-0.004326666666666664,0.014147035810452433,0.00025828835450727257,0.0,0.0,0.0,-0.004907333333333269,0.008457269824765436,0.0001544079152643931
ASP 211,R ASP 211,0.0,0.0,0.0,-0.0015986666666666653,0.0010338914621736439,1.8876189194816796e-05,0.2640763333333329,0.25253542030090587,0.00461064487559514,-0.24646499999999968,0.250387667644262,0.0045714324563289575,0.0,0.0,0.0,0.01601266666666635,0.005298789756999926,9.674222257953923e-05
L9C 212,L L9C   1,0.0,0.0,0.0,-16.607074999999977,1.5399496307916496,0.028115505006877952,-1.637386666666669,1.7174822671056078,0.031356792660295146,9.811970333333345,1.754274687761122,0.03202852728490328,-3.1813363536000066,0.2004367570549049,0.0036594577730718054,-11.61382768693334,1.618835739120545,0.02955576170706236

