#Res        AtomicFlx
   1.000       5.8715
   2.000       3.9033
   3.000       2.1974
   4.000       1.3383
   5.000       0.8456
   6.000       0.7002
   7.000       0.5436
   8.000       0.4810
   9.000       0.4967
  10.000       0.5268
  11.000       0.6166
  12.000       0.6389
  13.000       0.7004
  14.000       0.7283
  15.000       0.8191
  16.000       0.8644
  17.000       0.6904
  18.000       0.6488
  19.000       0.7828
  20.000       0.7427
  21.000       0.6453
  22.000       0.7583
  23.000       0.8002
  24.000       0.7115
  25.000       0.7759
  26.000       1.0258
  27.000       1.1829
  28.000       1.1766
  29.000       1.0378
  30.000       1.5465
  31.000       1.2437
  32.000       0.9615
  33.000       0.8823
  34.000       0.8815
  35.000       0.8148
  36.000       0.7090
  37.000       0.6687
  38.000       0.7655
  39.000       0.8633
  40.000       1.2304
  41.000       0.7256
  42.000       0.5980
  43.000       0.7720
  44.000       0.7729
  45.000       0.7451
  46.000       0.9808
  47.000       1.1722
  48.000       1.4179
  49.000       2.0469
  50.000       2.2246
  51.000       1.9663
  52.000       1.2434
  53.000       0.7720
  54.000       0.5989
  55.000       0.5135
  56.000       0.4960
  57.000       0.4454
  58.000       0.5014
  59.000       0.5961
  60.000       0.6296
  61.000       0.7534
  62.000       0.7669
  63.000       0.7719
  64.000       1.1264
  65.000       1.0637
  66.000       1.5177
  67.000       1.0175
  68.000       0.8466
  69.000       0.7993
  70.000       0.6853
  71.000       0.6380
  72.000       0.6388
  73.000       0.5972
  74.000       0.7377
  75.000       0.7255
  76.000       0.7573
  77.000       0.6243
  78.000       0.7042
  79.000       0.6038
  80.000       0.5366
  81.000       0.4960
  82.000       0.5082
  83.000       0.6535
  84.000       0.8218
  85.000       0.9571
  86.000       1.0100
  87.000       1.2329
  88.000       1.2680
  89.000       1.0540
  90.000       1.4189
  91.000       1.7173
  92.000       1.8939
  93.000       2.3962
  94.000       1.7752
  95.000       1.3203
  96.000       1.3892
  97.000       1.4932
  98.000       1.1580
  99.000       0.9863
 100.000       1.0742
 101.000       1.0431
 102.000       0.7679
 103.000       0.6788
 104.000       0.5909
 105.000       0.5988
 106.000       0.7229
 107.000       0.7255
 108.000       0.8212
 109.000       1.5697
 110.000       3.9335
 111.000       4.4259
 112.000       2.8265
 113.000       2.4425
 114.000       1.5715
 115.000       1.2491
 116.000       1.2269
 117.000       0.8624
 118.000       0.9866
 119.000       1.0350
 120.000       0.8867
 121.000       0.8943
 122.000       0.7626
 123.000       1.0063
 124.000       0.8523
 125.000       0.7465
 126.000       0.7270
 127.000       0.7209
 128.000       0.6927
 129.000       0.8394
 130.000       0.8403
 131.000       0.7568
 132.000       0.8175
 133.000       0.7101
 134.000       0.6011
 135.000       0.6541
 136.000       0.6723
 137.000       0.6161
 138.000       0.5395
 139.000       0.6856
 140.000       0.8093
 141.000       0.7777
 142.000       0.7562
 143.000       0.6611
 144.000       0.5053
 145.000       0.5651
 146.000       0.5632
 147.000       0.5985
 148.000       0.6181
 149.000       0.7026
 150.000       0.7795
 151.000       0.7206
 152.000       0.7038
 153.000       0.8904
 154.000       1.3135
 155.000       1.0269
 156.000       1.0571
 157.000       1.6006
 158.000       1.6807
 159.000       1.3814
 160.000       0.9706
 161.000       0.7224
 162.000       0.7489
 163.000       0.7407
 164.000       0.8103
 165.000       1.1604
 166.000       1.1565
 167.000       1.2950
 168.000       1.2577
 169.000       1.0949
 170.000       1.2225
 171.000       1.6440
 172.000       1.0451
 173.000       0.8281
 174.000       0.7792
 175.000       0.7211
 176.000       0.6239
 177.000       0.5919
 178.000       0.5365
 179.000       0.4799
 180.000       0.4861
 181.000       0.5316
 182.000       0.6624
 183.000       0.8776
 184.000       1.1549
 185.000       0.9959
 186.000       1.1165
 187.000       1.4231
 188.000       0.9880
 189.000       0.9256
 190.000       0.7976
 191.000       0.6644
 192.000       0.7076
 193.000       0.7067
 194.000       0.6026
 195.000       0.6285
 196.000       0.7093
 197.000       0.6834
 198.000       0.6751
 199.000       0.7776
 200.000       0.8966
 201.000       0.8302
 202.000       0.8382
 203.000       1.0229
 204.000       1.0787
 205.000       0.9969
 206.000       1.2057
 207.000       1.4678
 208.000       1.4888
 209.000       1.7066
 210.000       2.2568
 211.000       2.5656
