#Res        AtomicFlx
   1.000       4.3778
   2.000       2.7632
   3.000       1.8360
   4.000       1.1002
   5.000       0.7435
   6.000       0.6163
   7.000       0.5406
   8.000       0.4999
   9.000       0.5664
  10.000       0.5480
  11.000       0.6795
  12.000       0.6868
  13.000       0.6581
  14.000       0.7106
  15.000       0.8827
  16.000       0.8860
  17.000       0.7334
  18.000       0.7157
  19.000       0.7922
  20.000       0.7581
  21.000       0.7012
  22.000       0.7855
  23.000       0.8314
  24.000       0.7697
  25.000       0.7887
  26.000       0.9430
  27.000       1.1322
  28.000       1.0905
  29.000       0.9974
  30.000       1.4109
  31.000       1.1388
  32.000       0.8714
  33.000       0.8329
  34.000       0.8681
  35.000       0.8463
  36.000       0.9965
  37.000       0.9573
  38.000       1.1447
  39.000       1.1136
  40.000       0.9339
  41.000       0.7665
  42.000       0.6797
  43.000       0.6927
  44.000       0.7442
  45.000       0.6537
  46.000       0.6450
  47.000       0.8723
  48.000       1.2445
  49.000       2.2443
  50.000       1.8896
  51.000       1.9221
  52.000       1.1462
  53.000       0.6367
  54.000       0.5357
  55.000       0.4780
  56.000       0.4612
  57.000       0.4430
  58.000       0.4571
  59.000       0.5167
  60.000       0.5325
  61.000       0.6093
  62.000       0.7059
  63.000       1.1453
  64.000       1.0880
  65.000       0.8995
  66.000       1.4850
  67.000       0.9132
  68.000       0.6372
  69.000       0.6127
  70.000       0.7021
  71.000       0.5621
  72.000       0.5534
  73.000       0.5160
  74.000       0.6320
  75.000       0.6032
  76.000       0.6231
  77.000       0.6038
  78.000       0.5813
  79.000       0.5218
  80.000       0.4553
  81.000       0.4394
  82.000       0.4546
  83.000       0.5684
  84.000       0.7027
  85.000       0.8940
  86.000       0.8051
  87.000       0.9565
  88.000       0.8618
  89.000       0.8441
  90.000       1.1450
  91.000       1.4169
  92.000       1.6336
  93.000       2.0391
  94.000       1.0273
  95.000       0.9673
  96.000       1.0134
  97.000       1.0338
  98.000       0.8514
  99.000       0.7972
 100.000       0.8855
 101.000       0.8652
 102.000       0.6252
 103.000       0.5959
 104.000       0.4928
 105.000       0.5024
 106.000       0.6421
 107.000       0.7901
 108.000       1.7218
 109.000       1.9711
 110.000       2.2660
 111.000       2.0434
 112.000       2.2724
 113.000       2.0634
 114.000       1.3348
 115.000       0.9247
 116.000       1.0661
 117.000       0.9176
 118.000       0.9003
 119.000       0.9031
 120.000       0.7718
 121.000       0.7873
 122.000       0.6932
 123.000       0.9531
 124.000       0.7663
 125.000       0.6416
 126.000       0.6501
 127.000       0.6956
 128.000       0.7448
 129.000       0.8918
 130.000       0.9729
 131.000       0.8664
 132.000       0.9537
 133.000       0.8936
 134.000       0.6906
 135.000       0.7644
 136.000       0.8265
 137.000       0.7163
 138.000       0.6200
 139.000       0.7983
 140.000       0.9284
 141.000       0.8282
 142.000       0.7775
 143.000       0.6107
 144.000       0.4380
 145.000       0.5294
 146.000       0.5190
 147.000       0.5895
 148.000       0.6143
 149.000       0.7412
 150.000       0.8372
 151.000       0.8067
 152.000       0.7788
 153.000       0.9287
 154.000       1.2055
 155.000       0.9379
 156.000       0.9268
 157.000       1.3804
 158.000       1.4547
 159.000       1.1816
 160.000       0.8746
 161.000       0.6012
 162.000       0.5883
 163.000       0.5883
 164.000       0.5966
 165.000       0.6317
 166.000       0.9018
 167.000       0.8955
 168.000       0.7645
 169.000       0.7805
 170.000       0.9450
 171.000       1.2301
 172.000       0.7979
 173.000       0.6342
 174.000       0.6167
 175.000       0.5797
 176.000       0.5536
 177.000       0.4894
 178.000       0.4935
 179.000       0.4466
 180.000       0.4152
 181.000       0.4507
 182.000       0.5965
 183.000       0.9475
 184.000       1.2700
 185.000       1.1042
 186.000       1.2884
 187.000       1.4582
 188.000       1.0424
 189.000       1.0301
 190.000       0.8439
 191.000       0.7332
 192.000       0.7542
 193.000       0.7074
 194.000       0.6184
 195.000       0.6512
 196.000       0.7646
 197.000       0.6911
 198.000       0.7221
 199.000       0.8682
 200.000       0.8965
 201.000       0.8376
 202.000       0.9031
 203.000       1.2100
 204.000       1.7951
 205.000       1.5956
 206.000       2.0556
 207.000       3.2124
 208.000       4.8644
 209.000       4.2481
 210.000       4.8044
 211.000       4.4501
