#Res        AtomicFlx
   1.000       5.1703
   2.000       3.0004
   3.000       1.9858
   4.000       1.1856
   5.000       0.8462
   6.000       0.7527
   7.000       0.6634
   8.000       0.6298
   9.000       0.6218
  10.000       0.6778
  11.000       0.8052
  12.000       0.7908
  13.000       0.7836
  14.000       0.7389
  15.000       0.8094
  16.000       0.7945
  17.000       0.6179
  18.000       0.6308
  19.000       0.7224
  20.000       0.6805
  21.000       0.6190
  22.000       0.7633
  23.000       0.8443
  24.000       0.8075
  25.000       0.8436
  26.000       1.0056
  27.000       1.1942
  28.000       1.0993
  29.000       0.9993
  30.000       1.4693
  31.000       1.0939
  32.000       0.8477
  33.000       0.8974
  34.000       0.9434
  35.000       0.9091
  36.000       0.9271
  37.000       0.9295
  38.000       1.3479
  39.000       1.5169
  40.000       1.0317
  41.000       0.8646
  42.000       0.7187
  43.000       0.7073
  44.000       0.9057
  45.000       0.8317
  46.000       0.8378
  47.000       1.0545
  48.000       1.4513
  49.000       2.1540
  50.000       1.9511
  51.000       2.6488
  52.000       1.0768
  53.000       0.7545
  54.000       0.6514
  55.000       0.6589
  56.000       0.6115
  57.000       0.4945
  58.000       0.5326
  59.000       0.5469
  60.000       0.5920
  61.000       0.6651
  62.000       0.7059
  63.000       0.7570
  64.000       0.9198
  65.000       0.8853
  66.000       1.3825
  67.000       0.8273
  68.000       0.6153
  69.000       0.5573
  70.000       0.5745
  71.000       0.5038
  72.000       0.4806
  73.000       0.4700
  74.000       0.5406
  75.000       0.5517
  76.000       0.6125
  77.000       0.5476
  78.000       0.5667
  79.000       0.4856
  80.000       0.4524
  81.000       0.4651
  82.000       0.4945
  83.000       0.6318
  84.000       0.7948
  85.000       1.0214
  86.000       1.0173
  87.000       1.2641
  88.000       1.1843
  89.000       1.0193
  90.000       1.2761
  91.000       1.5193
  92.000       1.9326
  93.000       1.8891
  94.000       1.9390
  95.000       1.6020
  96.000       1.6103
  97.000       1.5598
  98.000       1.1829
  99.000       0.9264
 100.000       1.0864
 101.000       1.0445
 102.000       0.7964
 103.000       0.7231
 104.000       0.5938
 105.000       0.6203
 106.000       0.8235
 107.000       0.9126
 108.000       1.3007
 109.000       1.2921
 110.000       1.6051
 111.000       1.7333
 112.000       2.0506
 113.000       1.8655
 114.000       1.6936
 115.000       1.2415
 116.000       1.3376
 117.000       0.9908
 118.000       0.9595
 119.000       1.0389
 120.000       0.8671
 121.000       0.9495
 122.000       0.9231
 123.000       1.3071
 124.000       1.1138
 125.000       0.9343
 126.000       0.9797
 127.000       1.0889
 128.000       1.1332
 129.000       1.4438
 130.000       1.4925
 131.000       1.2866
 132.000       1.1941
 133.000       1.0564
 134.000       0.8521
 135.000       0.8581
 136.000       0.8638
 137.000       0.7559
 138.000       0.6291
 139.000       0.7824
 140.000       0.8775
 141.000       0.8206
 142.000       0.7875
 143.000       0.6390
 144.000       0.4860
 145.000       0.5444
 146.000       0.5188
 147.000       0.5655
 148.000       0.5939
 149.000       0.6283
 150.000       0.6498
 151.000       0.7197
 152.000       0.7511
 153.000       0.8840
 154.000       1.1275
 155.000       0.9193
 156.000       0.9143
 157.000       1.3219
 158.000       1.4039
 159.000       1.1976
 160.000       0.9437
 161.000       0.6864
 162.000       0.6970
 163.000       0.7013
 164.000       0.7157
 165.000       0.6702
 166.000       0.8213
 167.000       1.0618
 168.000       0.7505
 169.000       0.6630
 170.000       0.7867
 171.000       1.1455
 172.000       0.7041
 173.000       0.5597
 174.000       0.5567
 175.000       0.5339
 176.000       0.5010
 177.000       0.4622
 178.000       0.4586
 179.000       0.4541
 180.000       0.4522
 181.000       0.5065
 182.000       0.6020
 183.000       0.8878
 184.000       1.0861
 185.000       0.9631
 186.000       1.2605
 187.000       1.6154
 188.000       1.0386
 189.000       1.1023
 190.000       0.8903
 191.000       0.6812
 192.000       0.7771
 193.000       0.7736
 194.000       0.6315
 195.000       0.6175
 196.000       0.6929
 197.000       0.6561
 198.000       0.5955
 199.000       0.6606
 200.000       0.7536
 201.000       0.7071
 202.000       0.6912
 203.000       0.8659
 204.000       1.1682
 205.000       1.1731
 206.000       1.2939
 207.000       1.5874
 208.000       1.8193
 209.000       2.0033
 210.000       3.0359
 211.000       5.5214
