| Run on Mon Feb  9 17:00:48 2026
| GB non-polar solvation energies calculated with gbsa=2
idecomp = 2: Per-residue decomp adding 1-4 interactions to EEL and VDW.
Energy Decomposition Analysis (All units kcal/mol): Generalized Born solvent
DELTAS:
Total Energy Decomposition:
Residue,Location,Internal,,,van der Waals,,,Electrostatic,,,Polar Solvation,,,Non-Polar Solv.,,,TOTAL,,
,,Avg.,Std. Dev.,Std. Err. of Mean,Avg.,Std. Dev.,Std. Err. of Mean,Avg.,Std. Dev.,Std. Err. of Mean,Avg.,Std. Dev.,Std. Err. of Mean,Avg.,Std. Dev.,Std. Err. of Mean
GLY   1,R GLY   1,0.0,0.0,0.0,-1.4666666666666532e-05,0.00012021462288571757,2.19480868988281e-06,-0.09682033333333355,0.05307998417378136,0.0009691034894665756,0.0966090000000002,0.05290375020418322,0.0009658859121149895,0.0,0.0,0.0,-0.0002260000000001933,0.0006220321535098262,1.1356701399028269e-05
PRO   2,R PRO   2,0.0,0.0,0.0,-3.26666666666664e-05,0.00017776263824424704,3.245486894933488e-06,-0.001996333333333324,0.002756142211296251,5.0320042027304216e-05,0.002017999999999987,0.0027500926045014363,5.0209591823785664e-05,0.0,0.0,0.0,-1.1000000000040681e-05,0.0006294539962010014,1.1492205087701986e-05
ARG   3,R ARG   3,0.0,0.0,0.0,-6.866666666666695e-05,0.0002528864479476035,4.617053734275282e-06,-0.11383500000000019,0.056512551187030476,0.001031773302243398,0.1138756666666667,0.0564385347780122,0.0010304219536819035,0.0,0.0,0.0,-2.800000000036107e-05,0.0007065521919856508,1.2899819120175393e-05
ASN   4,R ASN   4,0.0,0.0,0.0,-6.666666666666465e-05,0.00024944382578492185,4.554200340426349e-06,0.0012176666666666497,0.004925270336630122,8.992272217277937e-05,-0.0009256666666666494,0.004924172474188491,8.990267803863539e-05,0.0,0.0,0.0,0.00022533333333329608,0.00062334438492863,1.1380659357319797e-05
LEU   5,R LEU   5,0.0,0.0,0.0,-0.00015900000000000202,0.0003656760861746411,6.6763013712684645e-06,0.001895000000000053,0.002782440475553767,5.080018044587333e-05,-0.0008659999999999955,0.0029266665907365305,5.343337700143792e-05,0.0,0.0,0.0,0.0008700000000000561,0.0007709950280859749,1.407637895356725e-05
ARG   6,R ARG   6,0.0,0.0,0.0,-0.0002576666666666727,0.0004373494661658642,7.984872271062875e-06,-0.16461699999999946,0.05671817737139946,0.0010355275055631517,0.16555566666666643,0.05656868598929618,0.0010327981788254654,0.0,0.0,0.0,0.0006809999999997368,0.0010036129732123966,1.8323382147775254e-05
VAL   7,R VAL   7,0.0,0.0,0.0,-0.0005523333333333269,0.0004972536799483753,9.078568577005981e-06,0.0013866666666666632,0.007876282258922843,0.0001438005820829929,0.004104000000000016,0.008577908680636022,0.00015661046935345755,0.0,0.0,0.0,0.0049383333333333,0.0017264213146146313,3.1519996592405227e-05
LEU   8,R LEU   8,0.0,0.0,0.0,-0.002418000000000001,0.0007173627627173785,1.3097192235151139e-05,-0.014189999999999972,0.015063772214599232,0.0002750255947685184,0.026529000000000365,0.015352257998960159,0.00028029260048898673,0.0,0.0,0.0,0.00992100000000002,0.004266469149073895,7.789471312825478e-05
LEU   9,R LEU   9,0.0,0.0,0.0,-0.0039436666666666925,0.0013632656462413896,2.488971154394223e-05,0.0017779999999999738,0.019906750513330775,0.00036344587675929364,0.018078000000000066,0.022350046592047115,0.0004080541559918556,0.0,0.0,0.0,0.015912333333333206,0.007241223277565534,0.00013220604443513783
ASP  10,R ASP  10,0.0,0.0,0.0,-0.03936133333333365,0.016529693631629445,0.0003017895356897645,1.2279059999999993,0.4130826686802595,0.00754182319168703,-1.2576280000000006,0.4025048491831978,0.0073486995134284085,-1.0965599999999999e-05,0.0002901065880269526,5.296597411440669e-06,-0.06909429893333319,0.06163728835849263,0.0011253377739132329
THR  11,R THR  11,0.0,0.0,0.0,-0.029804333333333634,0.013268988201398857,0.0002422574717725352,-0.02610433333333336,0.09115082801537738,0.001664178821309868,0.09075066666666667,0.09637899061978637,0.0017596315744011935,-5.095200000000013e-06,0.0002326586771581068,4.247746855960234e-06,0.03483690479999989,0.03599934190107051,0.0006572550538185742
ALA  12,R ALA  12,0.0,0.0,0.0,-0.3176433333333332,0.18308401019447096,0.0033426414100672514,-0.042439000000000025,0.19321750337982652,0.0035276528368653882,0.13337200000000013,0.1279202966016985,0.0023354944003833905,-0.022193618400000125,0.025656565756910808,0.00046842266043915516,-0.24890395173333346,0.19366447666807826,0.0035358134152846466
ILE  13,R ILE  13,0.0,0.0,0.0,-0.07409466666666643,0.10605071917824206,0.0019362123711189636,0.07389733333333323,0.05936010551053821,0.0010837622934669498,-0.015783333333333295,0.08793918953205998,0.0016055425931810474,-0.001269391199999997,0.004750343506089074,8.67290098061055e-05,-0.017250057866666647,0.07607406743589507,0.001388916092526964
PRO  14,R PRO  14,0.0,0.0,0.0,-0.025700000000000115,0.03330646583873212,0.0006080900883549601,0.0011996666666666694,0.02278465418994873,0.0004159889688263172,-0.015715333333333373,0.028590178352403232,0.0005219828535569045,-0.00013459680000000004,0.001077424088829352,1.9670982581709532e-05,-0.04035026346666669,0.026982167183833596,0.0004926247205653768
PRO  15,R PRO  15,0.0,0.0,0.0,-0.0035496666666666736,0.002332995189784053,4.25944697331924e-05,-0.009559999999999996,0.009066259794792274,0.00016552650006032956,-0.0031276666666666684,0.009946659467155481,0.00018160032539944575,0.0,0.0,0.0,-0.01623733333333342,0.0070250745824430505,0.00012825972723200815
SER  16,R SER  16,0.0,0.0,0.0,-0.0013919999999999926,0.0008101456659145011,1.4791168536213881e-05,-0.00663800000000001,0.015162704991744389,0.00027683185189248614,0.013599999999999985,0.017027213512492024,0.00031087296440828843,0.0,0.0,0.0,0.005569999999999997,0.0030719863280945876,5.608654027482906e-05
PHE  17,R PHE  17,0.0,0.0,0.0,-0.00768899999999994,0.004878484634938876,8.906853603327927e-05,-0.022038333333333354,0.022874633633981838,0.00041763176119994077,0.018265000000000108,0.023797985383921496,0.00043448978059840144,0.0,0.0,0.0,-0.01146233333333332,0.007254280200145488,0.0001324444301360925
CYS  18,R CYS  18,0.0,0.0,0.0,-0.002182999999999996,0.0013148552518560952,2.4005862709857326e-05,-0.016708999999999988,0.019366319190801125,0.00035357899588823235,0.015591333333333431,0.021232482777312895,0.0003876503256324737,0.0,0.0,0.0,-0.0033006666666666315,0.004724715111928842,8.626110148629908e-05
ASP  19,R ASP  19,0.0,0.0,0.0,-0.000569999999999998,0.0005135821907607829,9.376685033753403e-06,0.21137766666666682,0.13517810116492712,0.002468003176291532,-0.210564,0.13447414089952936,0.0024551506790600093,0.0,0.0,0.0,0.0002436666666666009,0.0015657670821538695,2.8586865023157295e-05
THR  20,R THR  20,0.0,0.0,0.0,-0.0006026666666666706,0.0005067473619949773,9.251898704029505e-06,-0.0201246666666667,0.018836943972476664,0.00034391397093954805,0.02727800000000029,0.020634535355401544,0.00037673334925971016,0.0,0.0,0.0,0.006550666666666598,0.002933160904022975,5.355194639752097e-05
VAL  21,R VAL  21,0.0,0.0,0.0,-0.0009603333333333335,0.0005317517173351195,9.708413685885194e-06,-0.01794099999999995,0.012759265352414853,0.00023295124835705726,0.022750666666666818,0.013957954705312138,0.0002548362216244944,0.0,0.0,0.0,0.0038493333333333812,0.0021475488870389527,3.920869895921161e-05
SER  22,R SER  22,0.0,0.0,0.0,-0.0003173333333333261,0.0004654383835577828,8.49770339344464e-06,-0.011071666666666606,0.010914571172927132,0.00019927189456359363,0.012240000000000096,0.011180566473424615,0.00020412828210602152,0.0,0.0,0.0,0.0008510000000000238,0.0011770580557758346,2.1490041621386617e-05
SER  23,R SER  23,0.0,0.0,0.0,-0.00016300000000000136,0.0003693656724710639,6.743663692682221e-06,-0.008683999999999992,0.00987134627765303,0.00018022530097384063,0.009680999999999948,0.010077164234049321,0.00018398300555576942,0.0,0.0,0.0,0.000833999999999958,0.0008345322042917047,1.5236403775169207e-05
VAL  24,R VAL  24,0.0,0.0,0.0,-0.00021599999999999346,0.0004115142767875626,7.513188404399086e-06,-0.007051333333333359,0.007554691581321419,0.0001379291664694705,0.008229666666666633,0.007835108160637533,0.00014304884933579958,0.0,0.0,0.0,0.0009623333333333091,0.0008650132304704048,1.5792908628968524e-05
LEU  25,R LEU  25,0.0,0.0,0.0,-0.00027433333333333286,0.00044617771745746954,8.146053350254086e-06,-0.010445000000000036,0.006090126572302702,0.00011118999005706023,0.011268333333333302,0.006228402461484028,0.00011371455084585012,0.0,0.0,0.0,0.0005489999999999668,0.0008227589764526111,1.5021455026431896e-05
LEU  26,R LEU  26,0.0,0.0,0.0,-0.00012999999999999937,0.00033630343441600245,6.140032573203458e-06,-0.005910666666666696,0.004222481839971522,7.709161841361072e-05,0.005782999999999975,0.004190216104212396,7.650252936995157e-05,0.0,0.0,0.0,-0.0002576666666667098,0.0006850361709833682,1.2506992118485222e-05
ASP  27,R ASP  27,0.0,0.0,0.0,-5.6333333333332566e-05,0.00023056428363666263,4.209508636760645e-06,0.10088633333333323,0.07691528291929751,0.0014042745157263684,-0.10057599999999983,0.07660044967666126,0.0013985264734315559,0.0,0.0,0.0,0.0002540000000001707,0.0006885859907567569,1.2571802663983985e-05
ASP  28,R ASP  28,0.0,0.0,0.0,-6.366666666666654e-05,0.0002441581909791722,4.457698293298233e-06,0.09934733333333348,0.07355456495841814,0.0013429164811734884,-0.0990253333333336,0.07324359829743161,0.0013372390326783425,0.0,0.0,0.0,0.00025833333333322866,0.0006992356938511008,1.2766238751167475e-05
PHE  29,R PHE  29,0.0,0.0,0.0,-0.00012633333333333181,0.0003322246562526921,6.06556461296664e-06,-0.0018960000000000058,0.00461784769490437,8.430997832074524e-05,0.00168666666666666,0.004586918597732269,8.374529284726428e-05,0.0,0.0,0.0,-0.00033566666666670777,0.000666078990977975,1.2160882947963897e-05
ASN  30,R ASN  30,0.0,0.0,0.0,-4.1999999999999035e-05,0.00020058913230780503,3.66223975184577e-06,0.0015043333333334156,0.004572670396557479,8.348515747435414e-05,-0.001442000000000021,0.004562671293588142,8.33025996659834e-05,0.0,0.0,0.0,2.0333333333494372e-05,0.0006004885973569758,1.0963371676568424e-05
MET  31,R MET  31,0.0,0.0,0.0,-6.466666666666547e-05,0.0002459367579051302,4.490170334144226e-06,-0.0013216666666666715,0.0025719377692488905,4.695694442390447e-05,0.0014353333333333286,0.0025748433393553024,4.700999263356095e-05,0.0,0.0,0.0,4.900000000000334e-05,0.0006381736963136883,1.165140430258195e-05
VAL  32,R VAL  32,0.0,0.0,0.0,-0.0001450000000000013,0.0003521008378291674,6.428452379850111e-06,-0.002082999999999996,0.003632094574759849,6.63126709862701e-05,0.0028289999999999995,0.0036898634572749976,6.736738165545052e-05,0.0,0.0,0.0,0.0006010000000000223,0.0007269564406940873,1.327234802972727e-05
SER  33,R SER  33,0.0,0.0,0.0,-0.00013633333333333217,0.00034314217979658653,6.264890410202797e-06,0.0007370000000000095,0.004462043365992759,8.14653934706838e-05,-0.00014800000000000395,0.004439905704704408,8.10612169220825e-05,0.0,0.0,0.0,0.00045266666666665743,0.0007342294524799077,1.3405134450263761e-05
LEU  34,R LEU  34,0.0,0.0,0.0,-0.000561000000000001,0.0004989445526976448,9.109439548560837e-06,-0.006973333333333329,0.008224229784943676,0.0001501532057106504,0.010127666666666674,0.00857146630137201,0.0001564928481385608,0.0,0.0,0.0,0.0025933333333333503,0.0011775492440753202,2.149900945177365e-05
ILE  35,R ILE  35,0.0,0.0,0.0,-0.0008719999999999976,0.00042694574206407504,7.794927125309205e-06,0.00753133333333331,0.010415198104479535,0.0001901546314236163,-0.005082000000000006,0.01025923694368467,0.00018730718322821504,0.0,0.0,0.0,0.0015773333333332922,0.001385407120267797,2.5293957703298166e-05
ARG  36,R ARG  36,0.0,0.0,0.0,-0.004504999999999989,0.0018344776731628735,3.349282676102984e-05,-0.6479849999999994,0.2223349787482867,0.004059262772762278,0.6964753333333341,0.2354695324768935,0.004299065818092996,0.0,0.0,0.0,0.04398533333333294,0.02307715576543675,0.0004213292925263369
THR  37,R THR  37,0.0,0.0,0.0,-0.005810999999999972,0.0020031506017604748,3.657235902214199e-05,0.041958999999999996,0.0409728119489013,0.0007480577782943483,-0.02150133333333341,0.04188427706059738,0.0007646987783628453,0.0,0.0,0.0,0.01464666666666677,0.008167199982586167,0.00014911198873727478
SER  38,R SER  38,0.0,0.0,0.0,-0.017456333333333428,0.00862129687975569,0.00015740262586636983,-0.05907966666666678,0.049031506740281124,0.0008951887423372855,0.09109166666666636,0.06123666600892715,0.0011180234439833083,0.0,0.0,0.0,0.014555666666666705,0.03275445365985464,0.0005980117709420011
PRO  39,R PRO  39,0.0,0.0,0.0,-0.21612166666666666,0.14359867523955622,0.00262174112188545,-0.24062533333333336,0.10959511679308057,0.002000923921999449,0.31801733333333376,0.12408743570384158,0.002265516254598866,-0.007900790399999967,0.012584182780156558,0.0002297546925486607,-0.14663045706666641,0.13129726221977955,0.0023971490752148026
ALA  40,R ALA  40,0.0,0.0,0.0,-0.01765166666666665,0.011705255111368605,0.00021370774219497434,-0.04695466666666673,0.02871284169534982,0.0005242223695539323,0.057705666666666836,0.035064117953954727,0.0006401802787467632,-2.0952000000000003e-06,5.320713238805491e-05,9.71424887636713e-07,-0.0069027618666666676,0.008460552755832528,0.00015446785311106577
ASP  41,R ASP  41,0.0,0.0,0.0,-0.005002999999999976,0.002058719100152602,3.758689635734391e-05,0.3717243333333331,0.2570848932575041,0.0046937065076980925,-0.3607206666666677,0.25675131542581714,0.004687616237594805,0.0,0.0,0.0,0.006000666666666596,0.0071158508197464105,0.0001299170669938912
SER  42,R SER  42,0.0,0.0,0.0,-0.007371333333333311,0.002077846213965032,3.7936108080511796e-05,-0.07600966666666659,0.042301831007127415,0.0007723222355458388,0.10379900000000017,0.04336595360802351,0.0007917503672945674,0.0,0.0,0.0,0.020418000000000047,0.011617312196315552,0.00021210213158339707
LEU  43,R LEU  43,0.0,0.0,0.0,-0.008128666666666621,0.0017286155025212687,3.156005679946757e-05,-0.02265700000000002,0.03073357584683801,0.0005611157588036372,0.032132333333333735,0.029988933868270853,0.0005475205185060868,0.0,0.0,0.0,0.001346666666666647,0.005388922794853267,9.838781917983064e-05
ALA  44,R ALA  44,0.0,0.0,0.0,-0.0016143333333333298,0.0006134013549236305,1.1199125296530166e-05,-0.017994333333333248,0.016817103433376758,0.00030703689674526757,0.017533333333333363,0.016606391005339397,0.0003031898317458427,0.0,0.0,0.0,-0.0020753333333333366,0.002774465393949299,5.065457604278294e-05
THR  45,R THR  45,0.0,0.0,0.0,-0.0011376666666666712,0.0004179887026649964,7.631394707731276e-06,-0.024749666666666646,0.014435246212732797,0.0002635503324618257,0.03777000000000059,0.015668878921819028,0.0002860732812099169,0.0,0.0,0.0,0.0118826666666667,0.005089161642375213,9.291495434396477e-05
ILE  46,R ILE  46,0.0,0.0,0.0,-0.0018920000000000033,0.0008491187588710174,1.5502716607814868e-05,-0.01562066666666675,0.010426573720813402,0.00019036232081266906,0.019659000000000256,0.011364743097257069,0.00020749087182062747,0.0,0.0,0.0,0.002146333333333362,0.0026286092436031065,4.799161925293379e-05
LYS  47,R LYS  47,0.0,0.0,0.0,-0.0017243333333333327,0.0006483372750522645,1.1836965013918555e-05,-0.2108736666666666,0.2153662702774565,0.00393203214522391,0.23045233333333223,0.21255270341232899,0.003880663677254596,0.0,0.0,0.0,0.017854333333333278,0.011225556313856192,0.00020494968045478595
GLN  48,R GLN  48,0.0,0.0,0.0,-0.0006543333333333321,0.00050151226859922,9.15631941257942e-06,-0.0013746666666667978,0.015310289292571442,0.0002795263602490397,0.005775000000000045,0.014995545171816905,0.0002737799450897267,0.0,0.0,0.0,0.003745999999999893,0.0021593557681247166,3.9424262129360075e-05
ASP  49,R ASP  49,0.0,0.0,0.0,-0.0002666666666666656,0.0004422166387140542,8.073734277593327e-06,0.11603833333333335,0.07806000809562398,0.0014251742424336378,-0.11482400000000025,0.07808481515207218,0.0014256271552470373,0.0,0.0,0.0,0.0009476666666666536,0.0013174196581026655,2.4052682148119115e-05
ASN  50,R ASN  50,0.0,0.0,0.0,-0.0002283333333333365,0.0004197585284687232,7.663707158249805e-06,-0.0019256666666665912,0.0098478157251014,0.00017979569382640435,0.0033283333333333316,0.010238189808533277,0.00018692291687177244,0.0,0.0,0.0,0.0011743333333335214,0.0011206878344224478,2.0460866894492975e-05
ALA  51,R ALA  51,0.0,0.0,0.0,-0.0001539999999999978,0.0003609487498246747,6.589992412742107e-06,-0.003117000000000008,0.006094148368175325,0.00011126341766776413,0.0036503333333333405,0.0059404881860743945,0.00010845797940352975,0.0,0.0,0.0,0.0003793333333333238,0.0008564108567478229,1.56358514911036e-05
GLU  52,R GLU  52,0.0,0.0,0.0,-0.00015966666666666703,0.00036629663146447614,6.687630926375006e-06,0.15357466666666658,0.06004498667573319,0.0010962664555798736,-0.15244500000000025,0.05962714964678402,0.0010886378300426602,0.0,0.0,0.0,0.0009699999999998355,0.000911646861454358,1.6644318349911294e-05
ILE  53,R ILE  53,0.0,0.0,0.0,-0.0004713333333333293,0.0004991775457912839,9.113693400998472e-06,-0.008628666666666632,0.0037262284178807207,6.80313119630019e-05,0.010779000000000078,0.0037712277841566327,6.885288422909371e-05,0.0,0.0,0.0,0.001678999999999994,0.000956012029212981,1.745431178820792e-05
ASP  54,R ASP  54,0.0,0.0,0.0,-0.00022799999999999698,0.0004195426080864694,7.659765009450286e-06,0.1564583333333333,0.06451035780313778,0.0011777926053835991,-0.15583300000000025,0.06423267427355947,0.0011727228209503426,0.0,0.0,0.0,0.00039733333333344,0.0009356599572256688,1.708273549089392e-05
ILE  55,R ILE  55,0.0,0.0,0.0,-0.000654999999999994,0.00047746727636558783,8.717319924532858e-06,0.004065666666666666,0.007542945129206666,0.00013771470657634034,0.0014806666666666733,0.007800574309341346,0.00014241835035738455,0.0,0.0,0.0,0.0048913333333333335,0.0018488351888569423,3.3754957934875705e-05
ALA  56,R ALA  56,0.0,0.0,0.0,-0.0013263333333333209,0.0004835699420858943,8.828738847063703e-06,-0.017148333333333324,0.009838106045147031,0.00017961842013516558,0.028595666666667127,0.010733569516033279,0.0001959672715493745,0.0,0.0,0.0,0.010120999999999982,0.0034375900957890333,6.276152129733327e-05
ILE  57,R ILE  57,0.0,0.0,0.0,-0.005696666666666625,0.0017231721394633732,3.146067504161758e-05,0.03283600000000013,0.02359567271061907,0.00043079607343717106,-0.008975333333333297,0.025168685402477492,0.0004595152245895971,0.0,0.0,0.0,0.018164000000000024,0.007808954518158318,0.0001425713513375732
THR  58,R THR  58,0.0,0.0,0.0,-0.02387966666666671,0.007547660998981671,0.00013780080618480792,-0.09097899999999999,0.044800601472896454,0.0008179433338834852,0.1436563333333332,0.04693897697957348,0.0008569845505976034,0.0,0.0,0.0,0.028797666666666687,0.022685944133366477,0.0004141867780048935
ILE  59,R ILE  59,0.0,0.0,0.0,-0.9844296666666663,0.30359851183192693,0.005542925111844848,-0.11151833333333336,0.13294349801283592,0.0024272050911757818,0.20482700000000087,0.1494870821765752,0.002729248232124623,-0.10250532959999986,0.03717660287178718,0.0006787488001429726,-0.9936263296000011,0.3207778815790167,0.005856576056318278
ASP  60,R ASP  60,0.0,0.0,0.0,-0.07299333333333302,0.02134598999552237,0.00038972267442757337,0.33429233333333425,0.4845234616347865,0.008846147652595383,-0.3642886666666665,0.4984829840006804,0.009101012495655316,-4.4064e-06,0.00013049798021057642,2.3825562490065157e-06,-0.10299407306666657,0.06363009376186719,0.0011617212563181138
GLU  61,R GLU  61,0.0,0.0,0.0,-0.03612266666666712,0.016687588787944834,0.00030467229365092267,0.40268066666666635,0.4677588417402949,0.008540068969788286,-0.31861466666666716,0.45700008627084054,0.008343641867744878,0.0,0.0,0.0,0.04794333333333337,0.02280332115187562,0.00041632977936389883
GLU  62,R GLU  62,0.0,0.0,0.0,-0.0050363333333333015,0.0014716249144699077,2.6868072061392638e-05,0.19946800000000012,0.20072715223074972,0.0036647596393518346,-0.18508433333333305,0.19888034062694301,0.0036310416268562607,0.0,0.0,0.0,0.009347333333333357,0.00827462141463619,0.00015107322678705164
LEU  63,R LEU  63,0.0,0.0,0.0,-0.002594666666666636,0.000983041990738898,1.7947809110082634e-05,-0.0034496666666666786,0.009912961206868943,0.00018098508215585852,0.0028263333333333348,0.009717313065977715,0.0001774130521525227,0.0,0.0,0.0,-0.003218000000000006,0.0023381921791560786,4.2689353343531494e-05
LYS  64,R LYS  64,0.0,0.0,0.0,-0.001077999999999978,0.0005005823275613645,9.139341089793312e-06,-0.11984233333333331,0.13003603401066277,0.0023741223038716325,0.12689833333333325,0.12944235524184317,0.0023632832620851525,0.0,0.0,0.0,0.005977999999999982,0.0054903111022965205,0.00010023890794829525
ILE  65,R ILE  65,0.0,0.0,0.0,-0.0010680000000000047,0.00036974225256697975,6.750539073123573e-06,-0.002841666666666678,0.005837059524185831,0.00010656963902989838,0.004511000000000012,0.005652599313590209,0.00010320187175305252,0.0,0.0,0.0,0.0006013333333332773,0.001159194356247244,2.116389658164317e-05
SER  66,R SER  66,0.0,0.0,0.0,-0.00019533333333333243,0.00039645708749147334,7.238282996729306e-06,-0.0008000000000000099,0.006639076240964047,0.00012121239393908707,0.0012153333333333332,0.006638345543548896,0.00012119905329052078,0.0,0.0,0.0,0.00022000000000002774,0.0008308228852569326,1.516868118489161e-05
ARG  67,R ARG  67,0.0,0.0,0.0,-0.00027700000000000185,0.00044751648014347453,8.170495700996458e-06,-0.13031733333333295,0.06500909653955389,0.0011868982872581567,0.13157233333333337,0.06485350235637946,0.0011840575391267824,0.0,0.0,0.0,0.0009780000000003876,0.0012455986512511935,2.2741415962942972e-05
PHE  68,R PHE  68,0.0,0.0,0.0,-0.0007260000000000089,0.00044600896851967767,8.142972430261299e-06,-0.002059999999999993,0.0047860631002944656,8.73811573891463e-05,0.0022183333333333274,0.004678104732569484,8.54101162799993e-05,0.0,0.0,0.0,-0.0005676666666667066,0.0011776054328829883,2.1500035314354953e-05
ASN  69,R ASN  69,0.0,0.0,0.0,-0.00047666666666666896,0.0004994552588125871,9.118763723874496e-06,0.00924333333333334,0.00937404869247502,0.0001711459308006792,-0.006325666666666704,0.00937906931535425,0.00017123759441413524,0.0,0.0,0.0,0.0024410000000000074,0.0012529374818136053,2.2875404064434347e-05
GLN  70,R GLN  70,0.0,0.0,0.0,-0.0028579999999999947,0.0008739771164054976,1.5956566046620313e-05,-0.020318999999999927,0.028832769071550347,0.000526411933860847,0.04712800000000007,0.02871603993125337,0.0005242807610855523,0.0,0.0,0.0,0.02395100000000005,0.006578292508952021,0.00012010263990067589
CYS  71,R CYS  71,0.0,0.0,0.0,-0.0012486666666666649,0.00046061360041681757,8.4096153080654e-06,0.008669333333333367,0.011366852080599227,0.0002075293764122909,-0.005737999999999971,0.01174725596327352,0.00021447456932906618,0.0,0.0,0.0,0.0016826666666666294,0.002275221503258246,4.15396713551785e-05
VAL  72,R VAL  72,0.0,0.0,0.0,-0.003694333333333314,0.0010435042990915326,1.9051694782201665e-05,-0.0005646666666666829,0.026117934161967796,0.0004768460565314849,0.016566000000000174,0.027680215148489482,0.0005053692744474633,0.0,0.0,0.0,0.01230700000000004,0.0043489559283426925,7.940070878497045e-05
LEU  73,R LEU  73,0.0,0.0,0.0,-0.002927333333333304,0.0008925914830178892,1.629641632952958e-05,-0.01029166666666664,0.021645675408470892,0.00039519415645514525,0.028523000000000347,0.023986902071755294,0.00043793891164559253,0.0,0.0,0.0,0.015304000000000007,0.00584576062915122,0.0001067284987453905
GLY  74,R GLY  74,0.0,0.0,0.0,-0.0042929999999999574,0.0013605701010975157,2.484049784793979e-05,-0.009806333333333351,0.022971536588182555,0.00041940095899676156,0.020528999999999988,0.025130058210571005,0.00045880999177825497,0.0,0.0,0.0,0.00642966666666666,0.0075078438908177045,0.00013707384857427368
TYR  75,R TYR  75,0.0,0.0,0.0,-0.023409000000000083,0.006244281570631071,0.00011400446238828085,0.07547033333333346,0.07732418198654879,0.00141173995715558,-0.0363973333333334,0.07727792780750675,0.001410895475247573,0.0,0.0,0.0,0.015663999999999973,0.01801154548245824,0.0003288443252090883
THR  76,R THR  76,0.0,0.0,0.0,-0.20794033333333398,0.1511385879688638,0.0027594004646675206,-0.18217866666666668,0.16386445642122116,0.002991741971840836,0.29779366666666623,0.18935628259946496,0.0034571569128349976,-0.0152279831999999,0.017970950358354453,0.0003281031630358761,-0.10755331653333332,0.13421713635176868,0.002450458439453678
LYS  77,R LYS  77,0.0,0.0,0.0,-0.16320566666666692,0.1011597912606041,0.0018469166528648944,0.5633123333333321,0.6245411287080207,0.01140250880943734,-0.35510500000000045,0.6439043748686595,0.011756031699727578,-0.0009872495999999975,0.002941628538360991,5.370654354204219e-05,0.044014417066666915,0.07941020361207941,0.0014498253271471371
ALA  78,R ALA  78,0.0,0.0,0.0,-0.7412576666666645,0.27788978740001447,0.005073550168643427,-0.13750899999999996,0.152934510773947,0.002792189379063588,0.2247376666666668,0.15840114955776746,0.0028919960915846235,-0.07524354239999996,0.0301383277008431,0.0005502480642411525,-0.7292725423999998,0.2944821516687866,0.005376483908388401
PHE  79,R PHE  79,0.0,0.0,0.0,-0.17441533333333314,0.04163775728296964,0.0007601979635935829,0.10068466666666676,0.12237508964200558,0.0022342532357881085,-0.15509866666666647,0.15188656819555246,0.0027730566527583607,0.0,0.0,0.0,-0.22882933333333275,0.06733083151787711,0.00122928717459737
VAL  80,R VAL  80,0.0,0.0,0.0,-0.8849183333333326,0.36301309388306674,0.006627682006316543,0.028991666666666735,0.13855849401566434,0.002529720423544131,-0.05500233333333315,0.12360243388065707,0.0022566613732992228,-0.08471587439999989,0.03663266304383927,0.0006688178630198876,-0.9956448743999994,0.4057653853400782,0.007408228486851229
VAL  81,R VAL  81,0.0,0.0,0.0,-0.05278700000000038,0.011562826831414245,0.00021110736946971888,-0.046814000000000154,0.052578621168684114,0.0009599498952202309,0.08151233333333376,0.04920057433156086,0.0008982754801201847,0.0,0.0,0.0,-0.01808866666666666,0.013103363622452754,0.00023923359450699934
ALA  82,R ALA  82,0.0,0.0,0.0,-0.009264666666666624,0.0028696024502052804,5.2391533101650904e-05,0.0009116666666666781,0.016553404399766963,0.00030222243310858767,0.004098666666666684,0.01690980775237329,0.0003087294383016861,0.0,0.0,0.0,-0.0042543333333333235,0.006423626796617511,0.00011727884325006867
HID  83,R HID  83,0.0,0.0,0.0,-0.0031136666666666704,0.0007308076962438762,1.3342662014371814e-05,-0.022094333333333476,0.015259710609604652,0.00027860292406271255,0.030517666666666866,0.015653147326407074,0.00028578606288749453,0.0,0.0,0.0,0.005309666666666631,0.0033189014079292407,6.059457224195001e-05
PRO  84,R PRO  84,0.0,0.0,0.0,-0.001589999999999998,0.0006021350900476814,1.0993432382817318e-05,-0.018647666666666677,0.0062575443444072955,0.00011424660640069172,0.017247000000000186,0.006385399308839444,0.00011658090800430868,0.0,0.0,0.0,-0.002990666666666702,0.0018399038622227463,3.359189496600918e-05
GLN  85,R GLN  85,0.0,0.0,0.0,-0.0009316666666666582,0.0004316602316122573,7.88100153439793e-06,-0.00772700000000007,0.010446297797146576,0.00019072243153045684,0.012210333333333295,0.01042420707882496,0.00019031911203924877,0.0,0.0,0.0,0.0035516666666666956,0.001804807622865845,3.295112823336333e-05
HIE  86,R HIE  86,0.0,0.0,0.0,-0.005610666666666657,0.002059875292881032,3.7608005451950065e-05,-0.010239666666666722,0.044899067101171995,0.0008197410620749997,0.01400300000000005,0.04411259447142029,0.0008053821020691524,0.0,0.0,0.0,-0.0018473333333333558,0.004688072762044389,8.559210676657536e-05
PRO  87,R PRO  87,0.0,0.0,0.0,-0.0023466666666666627,0.000984795523051538,1.7979824083514205e-05,-0.006201000000000008,0.020541922962565656,0.0003750424860376853,0.010638999999999944,0.022348825748421678,0.000408031866538761,0.0,0.0,0.0,0.0020913333333333135,0.0022370348430208087,4.0842481514917504e-05
LEU  88,R LEU  88,0.0,0.0,0.0,-0.025223000000000197,0.015203133591466574,0.0002775699737603591,-0.018200666666666795,0.05119643606953779,0.0009347147633052324,0.02545266666666646,0.04968177827824812,0.000907061021998889,0.0,0.0,0.0,-0.017971000000000056,0.017690133568366576,0.00032297617335579103
CYS  89,R CYS  89,0.0,0.0,0.0,-0.005773999999999954,0.0034683700302399886,6.332348344457722e-05,0.001440666666666658,0.020900777008416433,0.0003815942345631674,0.010820333333333314,0.015703631848149775,0.0002867077799329391,0.0,0.0,0.0,0.006486999999999996,0.006472904886267556,0.00011817853395980506
ASN  90,R ASN  90,0.0,0.0,0.0,-0.007827000000000427,0.010595552730588117,0.0001934474413259523,-0.02780266666666662,0.06520255919994496,0.001190430416029195,0.045602333333333245,0.08033794160433906,0.0014667634280076426,0.0,0.0,0.0,0.009972666666666801,0.010332372406932713,0.00018864244799403313
ALA  91,R ALA  91,0.0,0.0,0.0,-0.008988666666666844,0.012509164835787354,0.000228385058537038,-0.03929966666666676,0.06265051103719894,0.0011438366044766747,0.05041266666666623,0.07004684413225827,0.001278874553776208,0.0,0.0,0.0,0.0021243333333333682,0.010803897809998474,0.00019725128465056092
SER  92,R SER  92,0.0,0.0,0.0,-0.012291333333333931,0.015555549649202855,0.00028400418124199925,0.01773033333333334,0.035268894887074485,0.0006439189769309771,-0.008261000000000091,0.04506105723349144,0.0008226985837271533,0.0,0.0,0.0,-0.002822000000000039,0.029262837342495428,0.0005342638703029758
LEU  93,R LEU  93,0.0,0.0,0.0,-0.2629059999999971,0.36188463239546875,0.0066070792125821004,-0.15230533333333326,0.2745081433610934,0.005011810077924428,0.2874363333333339,0.45152934856244,0.00824376031944204,-0.018770959200000013,0.028089408208782432,0.0005128400834306973,-0.14654595920000055,0.2419768925687432,0.004417873415163495
HIE  94,R HIE  94,0.0,0.0,0.0,-0.17075999999999936,0.22402422130951535,0.004090103981291703,-0.2362900000000001,0.2557908883573963,0.0046700813185877165,0.48814366666666714,0.5149844544837091,0.009402286749507332,-0.019282111199999966,0.028563656839060973,0.0005214986391863468,0.0618115554666666,0.17439875368344704,0.0031840710464403708
SER  95,R SER  95,0.0,0.0,0.0,-0.11778133333333293,0.11454751933101268,0.0020913420081284904,-0.014551666666666623,0.12096486541094881,0.0022085061817051026,0.07337233333333325,0.141554327737523,0.0025844166138106854,-0.0009181512000000011,0.002998239340656205,5.474011065589398e-05,-0.059878817866666635,0.07492148593601491,0.0013678729296320474
ILE  96,R ILE  96,0.0,0.0,0.0,-1.0350410000000003,0.4139227592828593,0.0075571610774667645,0.02812299999999997,0.22786832134151527,0.004160287324652792,0.10842833333333331,0.24448904310259426,0.00446373879900479,-0.13072861680000009,0.04468921235057627,0.0008159096560516363,-1.0292182834666659,0.41648672488466354,0.007603972470692614
ALA  97,R ALA  97,0.0,0.0,0.0,-0.17860266666666652,0.24251484791565994,0.004427695091111389,0.006264666666666708,0.07332685695947677,0.0013387591209220034,0.06750866666666672,0.1173219896618798,0.002141996674306649,-0.027024407999999993,0.04495340291028759,0.0008207330936860966,-0.1318537413333334,0.2236240964607815,0.004082798734442707
SER  98,R SER  98,0.0,0.0,0.0,-0.04734866666666664,0.03765608093728772,0.0006875028318864254,0.02000866666666671,0.060664750266434746,0.0011075817388781282,-0.02543300000000007,0.06251560480658688,0.0011413735649548674,0.0,0.0,0.0,-0.05277299999999999,0.049236566401405446,0.000898932602405024
LEU  99,R LEU  99,0.0,0.0,0.0,-0.8300679999999995,0.3604205682847027,0.006580349181278757,0.03700266666666672,0.13673383875089443,0.0024964069286046294,-0.010416333333333312,0.1050970836887916,0.0019188014488119803,-0.08126257199999999,0.03671991116483202,0.0006704107884854765,-0.8847442386666675,0.39898655745277506,0.007284464588607195
ALA 100,R ALA 100,0.0,0.0,0.0,-0.13989466666666658,0.1706277788195373,0.003115222779882093,0.04112766666666662,0.0665003010110146,0.00121412383148721,0.005677999999999976,0.049632761183180905,0.0009061660963764993,-0.011610273599999985,0.021412698376491065,0.0003909405972619468,-0.10469927360000006,0.1891442288926498,0.0034532853595474894
ASN 101,R ASN 101,0.0,0.0,0.0,-0.014200333333333356,0.010312881906733021,0.00018828660177348547,0.04243433333333333,0.03141516122122467,0.0005735597482842097,-0.012164666666666704,0.030197244105307944,0.0005513237256989023,0.0,0.0,0.0,0.016069333333333324,0.010786960935417452,0.00019694206104183885
TYR 102,R TYR 102,0.0,0.0,0.0,-0.019531999999999935,0.008698523399596744,0.00015881258276485534,-0.03595133333333336,0.05600741288635123,0.0010225507808453364,0.056941666666666654,0.061700682847833165,0.0011264951936410105,0.0,0.0,0.0,0.00145833333333327,0.009247824819323111,0.0001688414087133135
ARG 103,R ARG 103,0.0,0.0,0.0,-0.00962233333333326,0.002497805948338721,4.560348873919003e-05,0.11696033333333337,0.35841385588900204,0.0065437117930937415,-0.08269299999999963,0.35661585039226634,0.006510884854124393,0.0,0.0,0.0,0.024644999999999924,0.007939372876157091,0.00014495245389053028
GLN 104,R GLN 104,0.0,0.0,0.0,-0.1694849999999998,0.07307742315517074,0.001334205103547912,0.11367400000000027,0.2791847006147241,0.0050971919412336935,0.06417233333333335,0.2648106920699307,0.004834759650508514,-0.006004351199999961,0.009247706415418885,0.00016883924696367212,0.0023569821333337183,0.05540201382232006,0.0010114977567232568
ILE 105,R ILE 105,0.0,0.0,0.0,-0.030307666666666847,0.009750060233431295,0.00017801093089614685,-0.038784666666666655,0.13154959634382105,0.0024017560449403302,0.08127766666666669,0.13464413306152215,0.0024582542971174266,-2.4635999999999996e-05,0.0004778305661047648,8.723952657368103e-06,0.012160697333333331,0.010922105963723035,0.00019940946039309358
SER 106,R SER 106,0.0,0.0,0.0,-0.05294266666666671,0.03746476628632405,0.0006840099202226244,-0.0670249999999998,0.1185810568415829,0.0021649839908312422,0.17407533333333333,0.12787288085525447,0.0023346287112531124,-0.0016078631999999983,0.007204359080346133,0.00013153299935575834,0.05249980346666664,0.0357171089786095,0.0006521022092151576
LEU 107,R LEU 107,0.0,0.0,0.0,-0.3504406666666668,0.23840888227207907,0.00435273075766704,-0.14436099999999982,0.1423246758143743,0.0025984811811047585,0.21343600000000018,0.15343376389830204,0.0028013044523340605,-0.049943251200000004,0.04422389836475941,0.0008074142238398185,-0.33130891786666633,0.24572301198047114,0.004486267885327208
GLY 108,R GLY 108,0.0,0.0,0.0,-0.019497333333333467,0.009319298590678069,0.00017014633527468273,-0.006815666666666713,0.054249857338265935,0.0009904623535201807,0.0329199999999998,0.07294313035966257,0.0013317532637675703,0.0,0.0,0.0,0.006606999999999913,0.02670447935584326,0.0004875548576542127
SER 109,R SER 109,0.0,0.0,0.0,-0.014394666666666715,0.007453874041210187,0.00013608849843910038,-0.008411333333333309,0.047907773950465284,0.0008746722824176073,0.038064666666666844,0.05011797234082382,0.0009150247995829733,0.0,0.0,0.0,0.015258666666666632,0.014723170793759528,0.00026880709205811116
ARG 110,R ARG 110,0.0,0.0,0.0,-0.005473666666666637,0.0018346588844312024,3.349613521100777e-05,-0.3658053333333339,0.2823336444201338,0.005154683526384995,0.37998199999999926,0.28573469806098223,0.00521677798633092,0.0,0.0,0.0,0.008703000000000563,0.016526245520383745,0.0003017265820794293
SER 111,R SER 111,0.0,0.0,0.0,-0.010597333333333306,0.01572042809708299,0.00028701443608034554,-0.03519499999999995,0.06875565170709008,0.0012553007131980607,0.05671666666666665,0.09346771129944045,0.0017064791292361345,-3.26136e-05,0.0005703235902319313,1.041263651491206e-05,0.010891719733333381,0.01734380541177928,0.0003166531152337229
GLY 112,R GLY 112,0.0,0.0,0.0,-0.004383666666666662,0.0060210574837168095,0.00010992896679556636,-0.015106666666666674,0.036345434681982064,0.0006635738145884059,0.02508666666666665,0.044592560914225206,0.000814145050321478,0.0,0.0,0.0,0.005596333333333316,0.007370801848434745,0.00013457181464294948
GLN 113,R GLN 113,0.0,0.0,0.0,-0.0043736666666666525,0.0016188596466511019,2.9556198196855032e-05,0.004575999999999906,0.03491483291286599,0.0006374547192633502,0.02272866666666666,0.03670006873139184,0.0006700485168724438,0.0,0.0,0.0,0.022930999999999865,0.013506821943003677,0.0002465997019462957
HID 114,R HID 114,0.0,0.0,0.0,-0.008085999999999954,0.002296215146714436,4.192296109135104e-05,-0.008873000000000018,0.052966632933700415,0.0009670339884294584,0.05687133333333332,0.05643425181768831,0.0010303437578824937,0.0,0.0,0.0,0.039912333333333286,0.012280145814371424,0.00022420376239946257
SER 115,R SER 115,0.0,0.0,0.0,-0.04053333333333374,0.012849288782738806,0.00023459484380680473,-0.08514266666666666,0.1283917351164873,0.0023441016506842755,0.1011339999999998,0.13201184054470297,0.0024101954308036297,0.0,0.0,0.0,-0.024542000000000064,0.031917135982624266,0.0005827245116214376
ASN 116,R ASN 116,0.0,0.0,0.0,-0.09165666666666669,0.07141016353121939,0.0013037652467060542,0.03803633333333356,0.2852627952372262,0.005208162258946868,0.05513233333333329,0.28986039539961683,0.005292102569591227,-0.00018063119999999985,0.0016064101020556855,2.9328901650002498e-05,0.001331368800000168,0.0730792556669228,0.0013342385604820286
LEU 117,R LEU 117,0.0,0.0,0.0,-1.6669023333333322,0.513934602319424,0.00938311915909318,-0.3444473333333332,0.9663970743054959,0.01764391590347054,0.8454873333333347,0.9209169621485352,0.016813566458596132,-0.23534109599999983,0.07038832301108658,0.0012851090766044025,-1.4012034293333335,0.5766444589566717,0.010528039261031033
LEU 118,R LEU 118,0.0,0.0,0.0,-1.2046996666666654,0.41593296190599,0.007593862188194922,0.05235100000000003,0.31259552534491936,0.005707187353553006,0.19319033333333352,0.377599313346687,0.006893988720614733,-0.14845160159999995,0.053371214624178834,0.0009744206057037451,-1.1076099349333308,0.36641284771176685,0.006689752735047997
ARG 119,R ARG 119,0.0,0.0,0.0,-0.7926720000000005,0.7107820301724024,0.012977045046491413,-1.6763476666666686,2.080484214983271,0.0379842711693255,2.178118666666669,1.9019263781540618,0.034724266000969346,-0.11483849520000035,0.1017024709138092,0.0018568245824502113,-0.4057394951999999,0.6977605520775403,0.012739306470337566
PRO 120,R PRO 120,0.0,0.0,0.0,-0.11185333333333364,0.08215070595490205,0.0014998598255491276,0.06930733333333322,0.09408355973754873,0.0017177229319546754,-0.03283966666666665,0.09856617384557219,0.0017995638940731871,-0.0002942280000000004,0.0017924148999648498,3.2724869103970466e-05,-0.0756798946666667,0.07081616780744213,0.0012929204181402405
VAL 121,R VAL 121,0.0,0.0,0.0,-0.816417000000001,0.3677454252300984,0.0067140821605951445,0.07169233333333336,0.11537700380876995,0.0021064862534474257,-0.019804999999999993,0.11425793761631325,0.002086054993549094,-0.1786584887999997,0.0737307420846983,0.0013461330207128245,-0.9431881554666653,0.409952128917899,0.007484667616853307
SER 122,R SER 122,0.0,0.0,0.0,-0.046766999999999975,0.02956980516788471,0.0005398683103827763,0.024944000000000056,0.07332055780838904,0.001338644114683874,0.017285333333333354,0.0833170205793645,0.0015211537198480027,-3.1920000000000095e-07,1.7480389908694882e-05,3.1914679556592856e-07,-0.0045379858666666495,0.03695542436422367,0.0006747106515487105
ASP 123,R ASP 123,0.0,0.0,0.0,-0.007534000000000025,0.0036290738947193073,6.625752116636309e-05,-0.24631300000000014,0.4156730650775922,0.007589117143010338,0.27204200000000023,0.41691820489076026,0.007611850181774335,0.0,0.0,0.0,0.018195000000000173,0.00820034399684977,0.00014971711287922306
LYS 124,R LYS 124,0.0,0.0,0.0,-0.0062989999999999826,0.0022521691025911574,4.1118794026844785e-05,0.21107200000000043,0.29805564829854553,0.005441726732164655,-0.18533266666666656,0.29254249719694103,0.005341070824788547,0.0,0.0,0.0,0.019440333333333268,0.010073518413256828,0.0001839164422794804
VAL 125,R VAL 125,0.0,0.0,0.0,-0.010018000000000029,0.0030776088120483634,5.618919231785219e-05,0.010393000000000057,0.04610067842233975,0.0008416793829402385,0.009494333333333306,0.04517927955625474,0.000824857018159757,0.0,0.0,0.0,0.00986933333333338,0.004337233321933326,7.918668425286495e-05
LEU 126,R LEU 126,0.0,0.0,0.0,-0.0056483333333333325,0.0014585371286173073,2.662912287675043e-05,-0.0017540000000000405,0.05351654713575373,0.0009770740022013603,0.000702666666666679,0.053444896166259394,0.000975765840459388,0.0,0.0,0.0,-0.006699666666666681,0.0048325424525352614,8.822975037849671e-05
PHE 127,R PHE 127,0.0,0.0,0.0,-0.01138299999999996,0.00502941126441914,9.18240666830981e-05,-0.01878866666666665,0.04959852825325449,0.0009055410914454929,0.02813166666666668,0.046152331077518566,0.0008426224270867876,0.0,0.0,0.0,-0.002040000000000003,0.009320286118641129,0.00017016436498606724
VAL 128,R VAL 128,0.0,0.0,0.0,-0.010020666666666659,0.003915214709594024,7.148171379735617e-05,0.023911333333333385,0.059739987765501136,0.0010906979628082538,-0.010818999999999994,0.059262103452937406,0.001081973028879287,0.0,0.0,0.0,0.0030716666666666457,0.012679899995224309,0.00023150224180980007
GLU 129,R GLU 129,0.0,0.0,0.0,-0.007460333333333341,0.0030076169784213724,5.4911322113897136e-05,0.4606253333333334,0.4133445031587542,0.007546603613360502,-0.4396869999999992,0.40971521210592293,0.00748034212744759,0.0,0.0,0.0,0.013478000000000146,0.009439218682355834,0.00017233576658501606
ASN 130,R ASN 130,0.0,0.0,0.0,-0.0084533333333333,0.0035261625348561114,6.437862539234296e-05,-0.000495999999999924,0.052848443534317814,0.000964876155092797,0.03216766666666669,0.055003638254412214,0.0010042244472265216,0.0,0.0,0.0,0.023218333333333542,0.010298899482738603,0.00018803131880580732
PHE 131,R PHE 131,0.0,0.0,0.0,-0.35323333333333273,0.18762586590221464,0.0034255639708694113,-0.18139233333333316,0.11332026477152696,0.002068935507927444,0.16327266666666693,0.10012773668114609,0.0018280740004067055,-0.03275183040000003,0.021718013819125203,0.0003965148690981265,-0.4041048304000002,0.20155648962954567,0.0036799011993886082
ASP 132,R ASP 132,0.0,0.0,0.0,-0.005707666666666646,0.0026301219025402817,4.801923650032388e-05,0.4896199999999996,0.19547919991651339,0.0035689455772445456,-0.48660600000000065,0.19752438523888402,0.0036062853817559076,0.0,0.0,0.0,-0.0026936666666666368,0.010293322749346788,0.00018792950204994435
ASP 133,R ASP 133,0.0,0.0,0.0,-0.003732333333333321,0.001291777027543387,2.3584513908416178e-05,0.32244199999999956,0.2693288918206378,0.0049172503146010646,-0.3078240000000002,0.26645513010135813,0.0048647828439829215,0.0,0.0,0.0,0.010885666666666658,0.006525993760000029,0.00011914779974966569
MET 134,R MET 134,0.0,0.0,0.0,-0.12581766666666688,0.09570765428056852,0.0017473747058457747,-0.1241533333333329,0.14858759421821052,0.0027128259039579366,0.1659353333333336,0.13931867002746676,0.0025435992751887473,-0.005983852799999993,0.011206264647159285,0.00020459746442072705,-0.09001951946666653,0.09815423613136295,0.0017920429747945365
LEU 135,R LEU 135,0.0,0.0,0.0,-0.03482833333333368,0.026889481163128132,0.0004909325130885177,-0.0795803333333333,0.025522530175426248,0.000465975516722908,0.08121999999999993,0.02828198955754847,0.0005163561217264949,-8.478719999999992e-05,0.0006342456456580204,1.157968823754421e-05,-0.03327345386666665,0.025869339482441123,0.00047230735940973406
ARG 136,R ARG 136,0.0,0.0,0.0,-0.00314799999999999,0.00123508272327544,2.2549422264095642e-05,-0.337604,0.22112258406594168,0.004037127575558289,0.3457490000000002,0.2165684526094829,0.003953980891273411,0.0,0.0,0.0,0.004997000000000592,0.006750184515996746,0.00012324094422445033
LEU 137,R LEU 137,0.0,0.0,0.0,-0.0037559999999999885,0.0010262215485295574,1.873615637091737e-05,-0.03525566666666669,0.028440258459131864,0.0005192457033114546,0.04929200000000026,0.029340621488531515,0.0005356840080163171,0.0,0.0,0.0,0.01028033333333337,0.004503674043366221,8.222546217340597e-05
VAL 138,R VAL 138,0.0,0.0,0.0,-0.011882999999999911,0.003193636015578455,5.830754953977466e-05,-0.04548966666666667,0.030492609375971,0.0005567163330804281,0.06763866666666657,0.033090946972783586,0.0006041552702066953,0.0,0.0,0.0,0.010266000000000013,0.007965963678886192,0.00014543793330642688
GLU 139,R GLU 139,0.0,0.0,0.0,-0.0026173333333333283,0.0006734732527891445,1.2295883080966448e-05,0.1864049999999999,0.16434295129900317,0.0030004780531145657,-0.1860473333333331,0.16584323248042288,0.0030278693146367015,0.0,0.0,0.0,-0.0022596666666666325,0.005015732570843792,9.157432904881744e-05
ALA 140,R ALA 140,0.0,0.0,0.0,-0.0008226666666666613,0.0003939791308629668,7.19304190533089e-06,-0.01210866666666668,0.01209824470280257,0.00022088271766474506,0.016650333333333416,0.011722147125088442,0.00021401614676017571,0.0,0.0,0.0,0.0037189999999999684,0.0017226062618407789,3.145034357699484e-05
GLY 141,R GLY 141,0.0,0.0,0.0,-0.000967666666666668,0.0003424731944092153,6.2526764639593115e-06,-0.015008333333333302,0.01187398826099401,0.00021678837393659863,0.025606666666666826,0.012103633981393159,0.00022098111197983657,0.0,0.0,0.0,0.009630666666666673,0.0020331239236428206,3.7119594506086126e-05
VAL 142,R VAL 142,0.0,0.0,0.0,-0.0021706666666666155,0.00048256905090269934,8.810465157775572e-06,-0.02314799999999994,0.01203608862269355,0.00021974790809268477,0.03580600000000048,0.013069545924270965,0.00023861617063576377,0.0,0.0,0.0,0.010487333333333456,0.003577499996117718,6.53159149116106e-05
GLY 143,R GLY 143,0.0,0.0,0.0,-0.00424433333333324,0.0007983114819560017,1.457510688608935e-05,0.0366586666666667,0.03462203765747403,0.0006321090337263948,-0.02696200000000007,0.037662836094307234,0.000687626163615728,0.0,0.0,0.0,0.005452333333333377,0.00685004096500325,0.00012506406521222454
TRP 144,R TRP 144,0.0,0.0,0.0,-0.6087976666666678,0.2341550015009036,0.004275065875823364,0.022088333333333234,0.15136031138937608,0.0027634485619655795,0.2007043333333335,0.14513567990408832,0.002649802859410613,-0.037067191199999946,0.020000296953009564,0.00036515379326550597,-0.42307219120000106,0.22368521615631123,0.00408391462230769
GLY 145,R GLY 145,0.0,0.0,0.0,-0.08030666666666686,0.017199049069317414,0.00031401023809677936,-0.053593666666666685,0.1683627627868536,0.0030738694340750354,0.1283336666666668,0.16298720910924924,0.00297572570046491,0.0,0.0,0.0,-0.005566666666666697,0.030125784452672506,0.0005500190569089052
ILE 146,R ILE 146,0.0,0.0,0.0,-2.707774333333331,0.582385811475431,0.010632861537201485,0.37767400000000073,0.5087289236164967,0.009288076904002594,0.05777100000000007,0.48757845921690823,0.008901924022223777,-0.3860041415999999,0.06656487695290406,0.0012153028214887099,-2.6583334749333334,0.6161629224265719,0.011249544390377973
ALA 147,R ALA 147,0.0,0.0,0.0,-0.539858,0.20370827630707825,0.003719187269462731,-0.6015880000000002,0.22988676833606894,0.004197138956320977,0.5806656666666667,0.15358036296314226,0.0028039809728247988,-0.007998585600000002,0.008737750388750708,0.00015952876632560988,-0.5687789189333319,0.29767059327891443,0.00543469662149357
PRO 148,R PRO 148,0.0,0.0,0.0,-0.8360479999999991,0.2822580669576486,0.005153303677016923,-0.11588133333333354,0.23919675287279435,0.004367115241013937,0.2448559999999998,0.22785987052865012,0.004160133034624942,-0.061992787200000087,0.023615090539855655,0.0004311505928735264,-0.7690661205333343,0.2966076943393467,0.005415290830641919
HIE 149,R HIE 149,0.0,0.0,0.0,-0.056039333333333115,0.02964754828911782,0.0005412876990891174,0.08615200000000006,0.06286937963746715,0.0011478325801265574,-0.05839499999999993,0.07055746340158976,0.0012881971435131966,-1.588079999999997e-05,0.00019609386943849095,3.580167855997813e-06,-0.028298214133333333,0.03505410149282732,0.0006399974040232347
TYR 150,R TYR 150,0.0,0.0,0.0,-0.0444306666666669,0.039123955060238434,0.0007143024241770327,-0.13349033333333327,0.13184955532685402,0.002407232521651446,0.13703399999999996,0.12236966472128644,0.002234154190739757,-5.75424000000001e-05,0.0005249042267330688,9.583396183716934e-06,-0.04094454240000008,0.054536718072900524,0.0009956996900275764
PHE 151,R PHE 151,0.0,0.0,0.0,-0.03546600000000026,0.013474773121156669,0.0002460145731907267,-0.08535500000000001,0.04583065540661602,0.0008367494597149897,0.13250033333333333,0.05092880651676629,0.0009298285385349667,0.0,0.0,0.0,0.011679333333333347,0.020557768350566337,0.0003753317819190318
VAL 152,R VAL 152,0.0,0.0,0.0,-0.02227833333333339,0.004929658259509237,9.00028343174955e-05,-0.036191666666666636,0.03086464423719946,0.0005635087292695325,0.0661626666666664,0.03894728325427743,0.0007110768530636987,0.0,0.0,0.0,0.0076926666666666905,0.0123414564060416,0.00022532313553518736
GLU 153,R GLU 153,0.0,0.0,0.0,-0.004206999999999957,0.0008454689034298531,1.5436079669256248e-05,0.15519399999999992,0.17040324634231602,0.0031111233964598722,-0.14545766666666637,0.1698047767522723,0.003100196886644945,0.0,0.0,0.0,0.005529333333333405,0.006570779219815397,0.00011996546663596965
GLU 154,R GLU 154,0.0,0.0,0.0,-0.0017089999999999972,0.000623687154482584,1.1386917444544017e-05,0.181130333333333,0.12011295800157844,0.002192952551537838,-0.17368166666666673,0.11739037012132666,0.0021432451249777025,0.0,0.0,0.0,0.005739666666666629,0.005344582293209501,9.757827608111777e-05
ARG 155,R ARG 155,0.0,0.0,0.0,-0.0039359999999999855,0.000859013387555654,1.568336698543864e-05,-0.38237999999999944,0.18110064494639438,0.003306430280529139,0.40950933333333356,0.18743199454616763,0.0034220243803707094,0.0,0.0,0.0,0.023193333333333736,0.012133505493283606,0.00022152648867614262
LEU 156,R LEU 156,0.0,0.0,0.0,-0.004248333333333299,0.0014928710221881723,2.7255971143275242e-05,-0.013741666666666697,0.011636992619324871,0.00021246144530417867,0.016881333333333363,0.012559455331431319,0.00022930323316678185,0.0,0.0,0.0,-0.0011086666666666968,0.0034789162424844404,6.351603005599467e-05
ARG 157,R ARG 157,0.0,0.0,0.0,-0.0011749999999999833,0.00042234464599428476,7.710922988420122e-06,-0.14161866666666736,0.12875945499867306,0.0023508152664948184,0.14602866666666736,0.12818557060588098,0.0023403376189170726,0.0,0.0,0.0,0.0032349999999995117,0.002468287192906689,4.50645524652033e-05
ASN 158,R ASN 158,0.0,0.0,0.0,-0.0005763333333333347,0.0004941388693699479,9.0217001764673e-06,-0.0173720000000001,0.015009206596841526,0.0002740293674448484,0.02207933333333321,0.014811652154825779,0.000270422533303936,0.0,0.0,0.0,0.0041309999999999975,0.001571360026643771,2.8688977751823737e-05
GLY 159,R GLY 159,0.0,0.0,0.0,-0.0004133333333333355,0.0004924316083365158,8.990529997148623e-06,-0.009401999999999975,0.00632347973824539,0.00011545041648546211,0.015192333333333464,0.006445670993430528,0.00011768131337862111,0.0,0.0,0.0,0.0053770000000000024,0.0016647935807981146,3.039483325976422e-05
THR 160,R THR 160,0.0,0.0,0.0,-0.0011203333333333239,0.0003721826015397516,6.795093545809297e-06,-0.012341333333333324,0.008003759005756167,0.00014612797840959243,0.02402133333333357,0.008043602730671593,0.00014685542197329942,0.0,0.0,0.0,0.010559666666666655,0.003234569505960487,5.905488940776332e-05
LEU 161,R LEU 161,0.0,0.0,0.0,-0.006494999999999961,0.0010908597526724203,1.99162831204397e-05,-0.001497333333333368,0.021664286884691478,0.00039553395396696147,0.02481533333333352,0.02592216358425505,0.0004732717911478486,0.0,0.0,0.0,0.01682299999999995,0.007121634011938697,0.00013002265315449467
ALA 162,R ALA 162,0.0,0.0,0.0,-0.005046666666666604,0.0019144595988309834,3.495309025706735e-05,0.00944999999999998,0.031242889857800927,0.0005704145178922313,-0.008692333333333366,0.03167974654605427,0.0005783903933106766,0.0,0.0,0.0,-0.004288999999999981,0.004879837326523634,8.909323268975658e-05
VAL 163,R VAL 163,0.0,0.0,0.0,-0.02220066666666692,0.012327492292522946,0.0002250681868695297,0.02364566666666667,0.026989370399391765,0.0004927562326869694,-0.0015820000000000098,0.03005808725340539,0.0005487830808049545,0.0,0.0,0.0,-0.00013699999999997116,0.018860706004813387,0.00034434780431031437
LEU 164,R LEU 164,0.0,0.0,0.0,-0.21858433333333432,0.2368620770713493,0.004324490087650173,-0.15645933333333334,0.22059116712345783,0.004027425273996995,0.28149233333333323,0.3399040932496838,0.006205771308706375,-0.0059508312000000185,0.009327597771309967,0.0001702978568893794,-0.09950216453333298,0.15226851835185384,0.00278003007663999
SER 165,R SER 165,0.0,0.0,0.0,-0.29313299999999987,0.28064179893771934,0.005123794795233941,-0.08092966666666665,0.15392656924614692,0.0028103018058498546,0.1720783333333331,0.14753408486591296,0.0026935915427314023,-0.01121655599999995,0.015793110735243525,0.00028834143342899594,-0.2132008893333337,0.30279889535026117,0.005528326179032806
GLU 166,R GLU 166,0.0,0.0,0.0,-0.03879433333333377,0.02707417036997142,0.0004943044612457112,-0.4931676666666684,0.3174384657765255,0.0057956069441878234,0.539573333333332,0.3232355239690674,0.005901446262162001,0.0,0.0,0.0,0.007611333333333484,0.024048733956050276,0.0004390678022389729
LEU 167,R LEU 167,0.0,0.0,0.0,-0.07722233333333273,0.058911415712257796,0.0010755703760055955,0.0755003333333335,0.0585027919552179,0.0010681099610301535,-0.08372199999999994,0.06808576980054908,0.0012430703988288248,-0.0008438615999999991,0.0030844828609874683,5.631469470669693e-05,-0.08628786159999982,0.07622091327419474,0.0013915971184640468
TYR 168,R TYR 168,0.0,0.0,0.0,-1.9846663333333345,0.5213846689344442,0.009519138143758604,-0.09514933333333359,0.4294638343712867,0.007840900990593874,0.835052999999996,0.313604714342231,0.005725612539506793,-0.2738572991999999,0.07217411660908889,0.001317713057826875,-1.518619965866665,0.547325306804172,0.009992747227669359
GLU 169,R GLU 169,0.0,0.0,0.0,-0.09040799999999997,0.048537279857857774,0.0008861654352696615,-0.7739939999999986,0.9163134325276863,0.016729517891346725,0.9156416666666688,0.9798056317099564,0.017888721548604738,-7.9392e-05,0.0012106470886992626,2.210329065528479e-05,0.051160274666667095,0.09301823811934819,0.0016982729092451306
PRO 170,R PRO 170,0.0,0.0,0.0,-0.014465666666666757,0.004327141614917494,7.900243573365482e-05,-0.018639333333333293,0.03521471169206919,0.0006429297316595737,0.049122666666666856,0.037394094269312506,0.0006827196316259041,0.0,0.0,0.0,0.016017666666666767,0.007396081477527127,0.00013503335541292485
GLY 171,R GLY 171,0.0,0.0,0.0,-0.010736333333333431,0.005462491484864745,9.973099354801034e-05,0.024955000000000106,0.03708381014674704,0.0006770546445204105,-0.008916333333333347,0.039111677709121696,0.0007140782714385977,0.0,0.0,0.0,0.005302333333333344,0.012712864660999471,0.00023210409151132257
GLY 172,R GLY 172,0.0,0.0,0.0,-0.04617966666666669,0.02590589482252175,0.0004729747655550485,0.09312100000000005,0.06850919908304273,0.0012508011244798248,-0.0646263333333335,0.07486899251284768,0.0013669145352324021,-2.0472000000000005e-06,6.008621282923397e-05,1.0970191387209252e-06,-0.017687047200000017,0.05279610693623485,0.0009639206239143597
ILE 173,R ILE 173,0.0,0.0,0.0,-1.8005349999999987,0.6407981846429219,0.011699320684576294,-0.136522,0.2769311169153802,0.0050560473203218066,0.17079566666666637,0.259236152149391,0.0047329829417687595,-0.2177919192000001,0.09316436564176696,0.0017009408205885008,-1.9840532525333294,0.7232008900645608,0.013203781369872457
ASP 174,R ASP 174,0.0,0.0,0.0,-0.18908033333333318,0.12499728215667523,0.0022821277021349675,-0.3343903333333324,1.3907224184957117,0.02539100132794137,0.5431920000000015,1.3963238346228988,0.025493268726835824,-0.011221857599999998,0.01656964988455823,0.0003025190337245138,0.008499475733333334,0.08627975674793795,0.0015752456342301394
THR 175,R THR 175,0.0,0.0,0.0,-0.920748666666666,0.37175361307128746,0.00678726132377305,-1.7880556666666598,1.3727069264417804,0.025062084948524927,1.159454666666666,0.4505364882872666,0.008225633253803266,-0.0984736296,0.031405876561979955,0.0005733902343739738,-1.6478232962666688,1.0635244657317826,0.019417211344664245
LYS 176,R LYS 176,0.0,0.0,0.0,-0.08117766666666656,0.04164991518065295,0.0007604199354206825,-0.29010233333333363,0.7937975211147296,0.014492693613540691,0.4401479999999992,0.8336418336208097,0.0152201479051362,-0.0006513623999999995,0.003495102427366934,6.381154800866437e-05,0.06821663759999992,0.04206992367282787,0.000768088206270947
VAL 177,R VAL 177,0.0,0.0,0.0,-0.031963333333333656,0.016043004359809116,0.0002929038459340393,-0.04015000000000006,0.02855600637344074,0.0005213589614331595,0.059199333333333035,0.0313999511606139,0.0005732820518409584,-6.384e-07,2.4716882599551263e-05,4.5126647169937186e-07,-0.012914638399999949,0.015698208846736332,0.00028660876992615494
TYR 178,R TYR 178,0.0,0.0,0.0,-0.02734033333333347,0.013299417526926944,0.00024281303270591524,0.0039606666666666445,0.045910446736614784,0.0008382062434261118,-0.008187666666666654,0.0476256560538073,0.0008695215378884244,-4.1423999999999885e-06,0.0001170123667064294,2.1363437584059286e-06,-0.03157147573333348,0.019432615833686686,0.00035478940144807524
CYS 179,R CYS 179,0.0,0.0,0.0,-0.0017303333333333452,0.0005991214864745646,1.0938411760938178e-05,-0.008451333333333323,0.006826929389475744,0.00012464210750369456,0.017854000000000245,0.008303614714889142,0.00015160256960588704,0.0,0.0,0.0,0.007672333333333294,0.004054499708828301,7.402469833077962e-05
TYR 180,R TYR 180,0.0,0.0,0.0,-0.004783666666666655,0.0013866746393999287,2.5317099330656095e-05,-0.0005459999999999745,0.01586822455937244,0.00028971281795752535,-0.009636999999999963,0.016256339204548352,0.0002967987894928907,0.0,0.0,0.0,-0.01496666666666663,0.004441496244385276,8.109025607080979e-05
TYR 181,R TYR 181,0.0,0.0,0.0,-0.0006220000000000163,0.0004848876158451613,8.852796168443142e-06,0.0005136666666666455,0.005139047890633208,9.382574845997166e-05,-0.002153999999999993,0.005283207737729052,9.645773513133465e-05,0.0,0.0,0.0,-0.0022623333333333497,0.001257847853367873,2.296505477330115e-05
ASN 182,R ASN 182,0.0,0.0,0.0,-0.0002070000000000003,0.0004051555256935309,7.3970940240070255e-06,-0.008845666666666575,0.006744962161165605,0.0001231455975063066,0.009136000000000038,0.0067469131707271245,0.00012318121790453167,0.0,0.0,0.0,8.333333333342096e-05,0.0008175505421005667,1.4926362460301911e-05
THR 183,R THR 183,0.0,0.0,0.0,-0.000129,0.00033519994033412285,6.1198856198461614e-06,-0.0015313333333333338,0.0033400127078932864,6.098001008223554e-05,0.0013663333333333268,0.0033794673972223793,6.170035086039896e-05,0.0,0.0,0.0,-0.0002940000000000307,0.0006857336703610099,1.2519726656584561e-05
ALA 184,R ALA 184,0.0,0.0,0.0,-5.733333333333412e-05,0.0002324784338862934,4.244456079099876e-06,-0.003888000000000019,0.002249175256251367,4.106413412104453e-05,0.00397399999999999,0.002231439893880233,4.074033218650459e-05,0.0,0.0,0.0,2.866666666663716e-05,0.0006312777166632594,1.1525501515560735e-05
LEU 185,R LEU 185,0.0,0.0,0.0,-0.00013433333333333426,0.00034101010086050304,6.2259641526136455e-06,-0.004765666666666648,0.0026408498421699096,4.821510098468057e-05,0.005282000000000029,0.0026174687518030456,4.7788222630913966e-05,0.0,0.0,0.0,0.0003820000000000141,0.0007202379236521454,1.3149685251832122e-05
GLU 186,R GLU 186,0.0,0.0,0.0,-0.0001246666666666657,0.0003303405650066111,6.03116597043742e-06,0.091748,0.0818711009005416,0.0014947549590336052,-0.09160766666666662,0.08149938900316327,0.0014879684593306999,0.0,0.0,0.0,1.5666666666646734e-05,0.0007946201748146386,1.45077131464892e-05
SER 187,R SER 187,0.0,0.0,0.0,-3.900000000000059e-05,0.00019359493795035327,3.534543817807381e-06,-0.0028866666666666364,0.002293575568602188,4.187476920887186e-05,0.0028636666666666576,0.0022980600272597103,4.1956643847702674e-05,0.0,0.0,0.0,-6.19999999999631e-05,0.0006089521053963141,1.1117893485527488e-05
GLU 188,R GLU 188,0.0,0.0,0.0,-5.633333333333405e-05,0.00023056428363666865,4.2095086367607555e-06,0.09579399999999971,0.057502303408936424,0.0010498436228526895,-0.0955006666666664,0.057303327415508004,0.0010462108348525982,0.0,0.0,0.0,0.0002370000000000078,0.0006507669833871339,1.1881325216024097e-05
ARG 189,R ARG 189,0.0,0.0,0.0,-7.999999999999984e-05,0.0002712931993250101,4.9531134989351105e-06,-0.07259466666666697,0.06441551861331377,0.0011760610865968616,0.07246133333333342,0.0641695294114646,0.001171569958771679,0.0,0.0,0.0,-0.00021333333333341405,0.0006878630354621885,1.2558603366553888e-05
SER 190,R SER 190,0.0,0.0,0.0,-5.3333333333333414e-05,0.0002246973272847032,4.102393158831766e-06,0.0016326666666666748,0.005338389228555309,9.746520670741148e-05,-0.0013153333333333337,0.005280015614455038,9.639945520055082e-05,0.0,0.0,0.0,0.00026400000000001753,0.0006389866978271113,1.1666247611521539e-05
PHE 191,R PHE 191,0.0,0.0,0.0,-0.00022533333333334048,0.0004178016541640718,7.6279796849544774e-06,0.0021113333333333197,0.0051504955964342845,9.403475401660274e-05,-0.0020333333333333275,0.005019650275555954,9.164585622363397e-05,0.0,0.0,0.0,-0.0001473333333333781,0.0007803586070234824,1.424733373366902e-05
LEU 192,R LEU 192,0.0,0.0,0.0,-0.0001333333333333346,0.00033993463423952176,6.206328908341802e-06,0.002237000000000003,0.006119163695582394,0.00011172013297123841,-0.002506333333333334,0.0061271494097083195,0.00011186593149672365,0.0,0.0,0.0,-0.00040266666666667763,0.0007060638938667349,1.2890904057024807e-05
ARG 193,R ARG 193,0.0,0.0,0.0,-0.00010900000000000204,0.00031163921447725985,5.6897275857461915e-06,-0.09147333333333324,0.07398092066352205,0.0013507006357470362,0.09150233333333328,0.07381565774203257,0.0013476833614130697,0.0,0.0,0.0,-7.999999999967144e-05,0.0007096477999690405,1.295633693089858e-05
PHE 194,R PHE 194,0.0,0.0,0.0,-0.00047299999999999263,0.0004999376627807227,9.12757117504709e-06,-0.0036560000000000177,0.00429313374277269,7.838153977677279e-05,0.0034166666666666625,0.004409881580672625,8.051305392203114e-05,0.0,0.0,0.0,-0.0007123333333333411,0.0009596429312798997,1.7520602687079366e-05
LEU 195,R LEU 195,0.0,0.0,0.0,-0.00047433333333333203,0.0004993407876613053,9.116673776149808e-06,0.0011936666666666725,0.008615189679991022,0.00015729112416389322,-0.00017766666666666546,0.008281229853644302,0.00015119387982420632,0.0,0.0,0.0,0.0005416666666666221,0.0011160632698115024,2.0376434282624476e-05
GLU 196,R GLU 196,0.0,0.0,0.0,-0.00023399999999999975,0.0004233721766956357,7.729683046542089e-06,0.08604866666666658,0.15401227320646302,0.0028118665389276097,-0.08611999999999989,0.1533660988180462,0.002800069062640343,0.0,0.0,0.0,-0.0003053333333332044,0.0010798633658426124,1.971551748318175e-05
SER 197,R SER 197,0.0,0.0,0.0,-0.0001500000000000018,0.00035707142142714604,6.519202405202713e-06,-0.004324000000000006,0.006401381934134801,0.00011687270948438933,0.00535033333333331,0.00634646357343127,0.00011587004198510501,0.0,0.0,0.0,0.0008763333333333195,0.0008280740036709245,1.5118493703139368e-05
ALA 198,R ALA 198,0.0,0.0,0.0,-0.0003290000000000044,0.00046984997605619745,8.57824768430805e-06,-0.0030289999999999974,0.006216442632245528,0.00011349619523725557,0.00580666666666669,0.005959190847384874,0.00010879944171970069,0.0,0.0,0.0,0.0024486666666666745,0.0013081914572756475,2.3884199022847594e-05
ARG 199,R ARG 199,0.0,0.0,0.0,-0.0009293333333333393,0.0004094788015133955,7.476025880302242e-06,-0.10124700000000003,0.19567359042803936,0.0035724946461821367,0.10809799999999996,0.1945526999624175,0.0035520300797650182,0.0,0.0,0.0,0.005921666666667108,0.0022035268447548827,4.023071196468111e-05
GLN 200,R GLN 200,0.0,0.0,0.0,-0.00028799999999999713,0.00045283109433871496,8.267526836968803e-06,-0.002802999999999805,0.008846479017100301,0.00016151387040539884,0.003462666666666674,0.008797723543937708,0.00016062372132363248,0.0,0.0,0.0,0.0003716666666668047,0.0009364101072120036,1.7096431293194847e-05
ARG 201,R ARG 201,0.0,0.0,0.0,-0.00041399999999999895,0.0004925484747717682,8.99266367657539e-06,-0.11627799999999992,0.1370311450583411,0.0025018349743071997,0.11949066666666666,0.1370406797738865,0.0025020090535999868,0.0,0.0,0.0,0.0027986666666664443,0.0015725133456423027,2.8710034379540242e-05
LEU 202,R LEU 202,0.0,0.0,0.0,-0.0015946666666666655,0.0006499011890707167,1.1865518046782047e-05,-0.0067253333333332985,0.007145387198901357,0.0001304563250315642,0.012175999999999992,0.007564457944889378,0.00013810747505716944,0.0,0.0,0.0,0.0038560000000000343,0.001801831660653433,3.289679484556263e-05
ARG 203,R ARG 203,0.0,0.0,0.0,-0.0009823333333333277,0.0005059853972420386,9.237987194589226e-06,-0.06567566666666676,0.2427225751234434,0.004431487653695074,0.07148366666666649,0.2434560803647254,0.004444879565918355,0.0,0.0,0.0,0.004825666666666441,0.0045073208474908175,8.229204340280078e-05
GLU 204,R GLU 204,0.0,0.0,0.0,-0.0003326666666666629,0.0004711682879349512,8.602316656102066e-06,0.05286866666666659,0.1584433381945176,0.002892766347185238,-0.05225966666666678,0.15735581412800997,0.0028729109650833724,0.0,0.0,0.0,0.0002763333333333004,0.0014950941627722516,2.729655995148876e-05
LEU 205,R LEU 205,0.0,0.0,0.0,-0.0010069999999999892,0.0005570317166314178,1.0169961214828437e-05,-0.008438666666666709,0.008713910615918787,0.00015909351361408184,0.01270700000000003,0.009021963071675037,0.0001647177562445005,0.0,0.0,0.0,0.0032613333333332785,0.002915882637479641,5.3236489852841934e-05
GLY 206,R GLY 206,0.0,0.0,0.0,-0.0006496666666666653,0.0004969237589632829,9.072545071481666e-06,0.008032333333333329,0.016444308677742978,0.000300230626845926,-0.0029276666666666635,0.01604021304582826,0.0002928528837462928,0.0,0.0,0.0,0.004455000000000007,0.0029519442745417237,5.3894882255490835e-05
ARG 207,R ARG 207,0.0,0.0,0.0,-0.002268999999999998,0.0017303098951729132,3.159099203535346e-05,-0.0422343333333333,0.2550764815133337,0.004657038093796744,0.06122199999999998,0.2590759477759367,0.004730058023463696,0.0,0.0,0.0,0.0167186666666672,0.01599852654326479,0.00029209179581970914
GLN 208,R GLN 208,0.0,0.0,0.0,-0.0016923333333333174,0.001495440143309747,2.730287666298356e-05,-0.0025976666666666665,0.025169024505442252,0.0004595214157343676,0.011545333333333303,0.02650965757773739,0.000483997914902151,0.0,0.0,0.0,0.007255333333333308,0.005051878022632187,9.22342516920081e-05
ARG 209,R ARG 209,0.0,0.0,0.0,-0.005464666666666625,0.0037712179582846785,6.88527048340365e-05,-0.1615146666666664,0.35719834609297324,0.0065215197219552915,0.19714533333333356,0.36712545659245915,0.006702763133669119,0.0,0.0,0.0,0.030165999999999818,0.023584623041295227,0.00043059433499911636
PHE 210,R PHE 210,0.0,0.0,0.0,-0.003267999999999954,0.0025887273578600787,4.726347897102379e-05,-0.01365566666666669,0.0192655937157981,0.0003517400087290797,0.01439666666666659,0.016541664231737512,0.0003020080879466333,0.0,0.0,0.0,-0.0025270000000000145,0.008663983167881405,0.00015818196729645712
ASP 211,R ASP 211,0.0,0.0,0.0,-0.002706000000000008,0.0017705641285571524,3.232593042400764e-05,-0.25877966666666624,0.5884016466552026,0.010742695158207954,0.2829016666666661,0.5833398826275195,0.010650280413583612,0.0,0.0,0.0,0.02141600000000021,0.010817313776225699,0.00019749622556167353
OT8 212,L OT8   1,0.0,0.0,0.0,-24.013124999999967,1.6478022330898414,0.030084615112356394,-6.024239333333341,4.009136301256506,0.07319647961036718,16.24447466666665,3.213259022761617,0.058665814995784785,-4.485168415199996,0.16539269661238165,0.00301964369270699,-18.278058081866682,1.9919269112872469,0.036367443407120566

