#Res        AtomicFlx
   1.000       4.5408
   2.000       2.7049
   3.000       1.7669
   4.000       1.2131
   5.000       0.8590
   6.000       0.7697
   7.000       0.6152
   8.000       0.5866
   9.000       0.6034
  10.000       0.6439
  11.000       0.7880
  12.000       0.8022
  13.000       0.7582
  14.000       0.7632
  15.000       0.8593
  16.000       0.8883
  17.000       0.7102
  18.000       0.6751
  19.000       0.8095
  20.000       0.8067
  21.000       0.7258
  22.000       0.8603
  23.000       0.8864
  24.000       0.7595
  25.000       0.8253
  26.000       1.0581
  27.000       1.2683
  28.000       1.1764
  29.000       1.0046
  30.000       1.5376
  31.000       1.1489
  32.000       0.9362
  33.000       0.9654
  34.000       0.9505
  35.000       0.9405
  36.000       0.8781
  37.000       0.8397
  38.000       0.9173
  39.000       0.9451
  40.000       1.3034
  41.000       1.0010
  42.000       0.7927
  43.000       0.8433
  44.000       0.9234
  45.000       0.9428
  46.000       0.9985
  47.000       1.2710
  48.000       1.6846
  49.000       2.3109
  50.000       2.6598
  51.000       2.7411
  52.000       1.2223
  53.000       0.8180
  54.000       0.6336
  55.000       0.5457
  56.000       0.5787
  57.000       0.5235
  58.000       0.6048
  59.000       0.6379
  60.000       0.7358
  61.000       0.8994
  62.000       0.9035
  63.000       1.0354
  64.000       1.1786
  65.000       0.9809
  66.000       1.2890
  67.000       0.8950
  68.000       0.8213
  69.000       0.8456
  70.000       0.9387
  71.000       0.6505
  72.000       0.5841
  73.000       0.5410
  74.000       0.6205
  75.000       0.6105
  76.000       0.6764
  77.000       0.5734
  78.000       0.6211
  79.000       0.5231
  80.000       0.4881
  81.000       0.4590
  82.000       0.4787
  83.000       0.6479
  84.000       0.7941
  85.000       1.0983
  86.000       1.1673
  87.000       1.4744
  88.000       1.4564
  89.000       1.2760
  90.000       1.6130
  91.000       1.8861
  92.000       2.0352
  93.000       2.1716
  94.000       2.3715
  95.000       1.7440
  96.000       1.7277
  97.000       1.6276
  98.000       1.2625
  99.000       0.9865
 100.000       1.0386
 101.000       1.1037
 102.000       0.7443
 103.000       0.7123
 104.000       0.6313
 105.000       0.6378
 106.000       0.8685
 107.000       1.1386
 108.000       1.7758
 109.000       1.9726
 110.000       3.4331
 111.000       4.8927
 112.000       4.0783
 113.000       2.5647
 114.000       2.2700
 115.000       1.2136
 116.000       1.2724
 117.000       1.1085
 118.000       1.0685
 119.000       1.0452
 120.000       0.9843
 121.000       0.9633
 122.000       0.8589
 123.000       1.1691
 124.000       0.9410
 125.000       0.8681
 126.000       0.8773
 127.000       1.0393
 128.000       1.1575
 129.000       1.4079
 130.000       1.3678
 131.000       1.0599
 132.000       1.1094
 133.000       1.1086
 134.000       0.8506
 135.000       0.7870
 136.000       0.8930
 137.000       0.7779
 138.000       0.6085
 139.000       0.7862
 140.000       0.9295
 141.000       0.8403
 142.000       0.7811
 143.000       0.6622
 144.000       0.4981
 145.000       0.5856
 146.000       0.5476
 147.000       0.5857
 148.000       0.6353
 149.000       0.7524
 150.000       0.8172
 151.000       0.7783
 152.000       0.7817
 153.000       0.8807
 154.000       1.2067
 155.000       0.9388
 156.000       0.9064
 157.000       1.3545
 158.000       1.4483
 159.000       1.2110
 160.000       0.9449
 161.000       0.6753
 162.000       0.6665
 163.000       0.6283
 164.000       0.8146
 165.000       1.0396
 166.000       0.9166
 167.000       1.0192
 168.000       0.8863
 169.000       0.7945
 170.000       0.9784
 171.000       1.3798
 172.000       0.7643
 173.000       0.6155
 174.000       0.6747
 175.000       0.6200
 176.000       0.5754
 177.000       0.5551
 178.000       0.5870
 179.000       0.5430
 180.000       0.5475
 181.000       0.5789
 182.000       0.6672
 183.000       0.9240
 184.000       1.0935
 185.000       0.8915
 186.000       0.9646
 187.000       1.1936
 188.000       1.2423
 189.000       1.1419
 190.000       1.2581
 191.000       1.0926
 192.000       0.8636
 193.000       1.0051
 194.000       0.8411
 195.000       0.7231
 196.000       0.8315
 197.000       0.8149
 198.000       0.6713
 199.000       0.8569
 200.000       1.0905
 201.000       1.0298
 202.000       1.0110
 203.000       1.4318
 204.000       1.9258
 205.000       2.0536
 206.000       2.3946
 207.000       2.4286
 208.000       2.4797
 209.000       1.7446
 210.000       1.9176
 211.000       2.8414
