#Res        AtomicFlx
   1.000       4.5749
   2.000       3.0201
   3.000       2.1321
   4.000       1.2898
   5.000       0.7608
   6.000       0.6496
   7.000       0.5356
   8.000       0.5110
   9.000       0.5571
  10.000       0.6044
  11.000       0.7305
  12.000       0.7527
  13.000       0.7020
  14.000       0.7728
  15.000       0.9612
  16.000       1.1300
  17.000       1.0477
  18.000       0.9334
  19.000       1.0614
  20.000       1.0206
  21.000       0.8420
  22.000       0.9226
  23.000       0.9795
  24.000       0.7800
  25.000       0.7631
  26.000       0.9914
  27.000       1.1442
  28.000       1.1172
  29.000       0.9314
  30.000       1.2787
  31.000       1.1479
  32.000       0.8571
  33.000       0.7794
  34.000       0.7879
  35.000       0.7665
  36.000       0.7233
  37.000       0.6942
  38.000       0.8575
  39.000       0.9313
  40.000       1.1970
  41.000       0.9575
  42.000       0.5978
  43.000       0.9613
  44.000       0.7548
  45.000       0.9588
  46.000       1.2913
  47.000       1.3601
  48.000       1.7457
  49.000       2.8242
  50.000       2.7931
  51.000       2.5492
  52.000       1.4854
  53.000       0.7552
  54.000       0.5757
  55.000       0.4958
  56.000       0.5124
  57.000       0.4904
  58.000       0.5075
  59.000       0.5353
  60.000       0.5811
  61.000       0.7083
  62.000       0.8080
  63.000       1.0666
  64.000       1.3627
  65.000       1.0179
  66.000       1.3949
  67.000       1.0744
  68.000       0.8083
  69.000       0.7794
  70.000       0.7248
  71.000       0.5577
  72.000       0.5394
  73.000       0.5440
  74.000       0.7840
  75.000       0.6603
  76.000       0.6974
  77.000       0.5608
  78.000       0.5552
  79.000       0.4968
  80.000       0.4497
  81.000       0.4622
  82.000       0.5023
  83.000       0.7185
  84.000       0.7543
  85.000       0.8878
  86.000       1.0393
  87.000       1.3287
  88.000       1.0445
  89.000       0.8866
  90.000       2.5680
  91.000       4.0548
  92.000       2.7122
  93.000       1.8531
  94.000       1.5340
  95.000       0.9999
  96.000       0.8920
  97.000       0.9936
  98.000       0.9077
  99.000       0.7498
 100.000       0.8238
 101.000       0.8550
 102.000       0.6732
 103.000       0.6284
 104.000       0.5620
 105.000       0.5487
 106.000       0.6644
 107.000       0.7340
 108.000       2.2461
 109.000       2.5397
 110.000       2.5896
 111.000       3.6323
 112.000       3.2889
 113.000       2.4063
 114.000       1.7771
 115.000       1.1293
 116.000       1.2557
 117.000       0.8988
 118.000       0.8409
 119.000       0.7707
 120.000       0.8223
 121.000       0.7774
 122.000       0.7171
 123.000       1.0028
 124.000       0.8415
 125.000       0.7296
 126.000       0.7057
 127.000       0.7241
 128.000       0.7010
 129.000       0.9085
 130.000       0.9006
 131.000       0.7407
 132.000       0.8115
 133.000       0.7634
 134.000       0.6489
 135.000       0.6571
 136.000       0.6792
 137.000       0.6233
 138.000       0.5519
 139.000       0.6872
 140.000       0.7901
 141.000       0.7692
 142.000       0.7240
 143.000       0.6233
 144.000       0.4888
 145.000       0.5506
 146.000       0.4844
 147.000       0.5558
 148.000       0.5916
 149.000       0.6776
 150.000       0.7316
 151.000       0.7314
 152.000       0.6994
 153.000       0.8356
 154.000       1.1268
 155.000       0.8995
 156.000       0.8961
 157.000       1.3331
 158.000       1.4242
 159.000       1.1863
 160.000       0.8990
 161.000       0.6551
 162.000       0.6685
 163.000       0.5870
 164.000       0.5548
 165.000       0.5812
 166.000       0.8009
 167.000       0.7411
 168.000       0.6552
 169.000       0.6875
 170.000       0.8612
 171.000       1.1340
 172.000       0.7179
 173.000       0.5845
 174.000       0.6368
 175.000       0.5125
 176.000       0.5457
 177.000       0.5271
 178.000       0.5304
 179.000       0.4931
 180.000       0.4955
 181.000       0.5238
 182.000       0.6516
 183.000       1.0698
 184.000       1.3363
 185.000       1.0054
 186.000       1.3665
 187.000       1.5354
 188.000       1.1704
 189.000       1.1782
 190.000       0.9286
 191.000       0.7376
 192.000       0.7812
 193.000       0.7909
 194.000       0.6161
 195.000       0.5949
 196.000       0.7440
 197.000       0.8015
 198.000       0.7398
 199.000       0.7628
 200.000       0.9410
 201.000       1.0439
 202.000       1.0319
 203.000       1.0163
 204.000       1.0969
 205.000       1.2130
 206.000       1.6369
 207.000       1.4032
 208.000       1.6692
 209.000       2.0561
 210.000       2.2337
 211.000       2.3636
