#Res        AtomicFlx
   1.000       5.2150
   2.000       2.8667
   3.000       1.8066
   4.000       1.1178
   5.000       0.7867
   6.000       0.7346
   7.000       0.6476
   8.000       0.6143
   9.000       0.6517
  10.000       0.7318
  11.000       0.9473
  12.000       1.0325
  13.000       0.8387
  14.000       0.7617
  15.000       0.8520
  16.000       0.8366
  17.000       0.6792
  18.000       0.6726
  19.000       0.7626
  20.000       0.7259
  21.000       0.7072
  22.000       0.8486
  23.000       0.8857
  24.000       0.7656
  25.000       0.9166
  26.000       1.1354
  27.000       1.3769
  28.000       1.3347
  29.000       0.9772
  30.000       1.6349
  31.000       1.0364
  32.000       0.8278
  33.000       0.8907
  34.000       0.9898
  35.000       0.9271
  36.000       0.8842
  37.000       0.8122
  38.000       0.8559
  39.000       0.8373
  40.000       1.0307
  41.000       0.8474
  42.000       0.7504
  43.000       0.7408
  44.000       1.0062
  45.000       0.9142
  46.000       0.9314
  47.000       1.2927
  48.000       1.7371
  49.000       2.1597
  50.000       2.8456
  51.000       1.9253
  52.000       1.2551
  53.000       0.7604
  54.000       0.6329
  55.000       0.6027
  56.000       0.5861
  57.000       0.5460
  58.000       0.5537
  59.000       0.5858
  60.000       0.5884
  61.000       0.7197
  62.000       0.7720
  63.000       1.0976
  64.000       1.2593
  65.000       1.0448
  66.000       1.4203
  67.000       0.8835
  68.000       0.7259
  69.000       0.7158
  70.000       0.8388
  71.000       0.6211
  72.000       0.5657
  73.000       0.5639
  74.000       0.6077
  75.000       0.5631
  76.000       0.6882
  77.000       0.6399
  78.000       0.6464
  79.000       0.5985
  80.000       0.5427
  81.000       0.4721
  82.000       0.5081
  83.000       0.6873
  84.000       0.8155
  85.000       0.9815
  86.000       0.8555
  87.000       0.9589
  88.000       0.8422
  89.000       0.8345
  90.000       1.2793
  91.000       1.7969
  92.000       2.3612
  93.000       1.5413
  94.000       0.9273
  95.000       0.8676
  96.000       0.7782
  97.000       0.9675
  98.000       0.9181
  99.000       0.7277
 100.000       0.8042
 101.000       0.9144
 102.000       0.7045
 103.000       0.7129
 104.000       0.6116
 105.000       0.6055
 106.000       0.7466
 107.000       0.9695
 108.000       1.4048
 109.000       2.0501
 110.000       2.5766
 111.000       3.2999
 112.000       3.2546
 113.000       2.0225
 114.000       1.7682
 115.000       1.0963
 116.000       1.0408
 117.000       0.9384
 118.000       0.9042
 119.000       1.0001
 120.000       0.8679
 121.000       0.8805
 122.000       0.7976
 123.000       1.1113
 124.000       0.9328
 125.000       0.7934
 126.000       0.8113
 127.000       0.8982
 128.000       1.0652
 129.000       1.4684
 130.000       1.4968
 131.000       1.4826
 132.000       1.4609
 133.000       1.1291
 134.000       1.0340
 135.000       1.2830
 136.000       1.2194
 137.000       1.0390
 138.000       0.9292
 139.000       1.1137
 140.000       1.3172
 141.000       1.1878
 142.000       0.9973
 143.000       0.7356
 144.000       0.5044
 145.000       0.5611
 146.000       0.5727
 147.000       0.6690
 148.000       0.7409
 149.000       0.8564
 150.000       1.0214
 151.000       1.1874
 152.000       1.1762
 153.000       1.1996
 154.000       1.1514
 155.000       0.9145
 156.000       1.0040
 157.000       1.2671
 158.000       1.2895
 159.000       1.1574
 160.000       0.8605
 161.000       0.6741
 162.000       0.6405
 163.000       0.6143
 164.000       0.6062
 165.000       0.7077
 166.000       0.8753
 167.000       0.8930
 168.000       0.6874
 169.000       0.8300
 170.000       0.9191
 171.000       1.5785
 172.000       1.2061
 173.000       0.8719
 174.000       0.7293
 175.000       0.6142
 176.000       0.5656
 177.000       0.5354
 178.000       0.5558
 179.000       0.5420
 180.000       0.5201
 181.000       0.5882
 182.000       0.6498
 183.000       0.8834
 184.000       0.9547
 185.000       0.7948
 186.000       0.8672
 187.000       1.1979
 188.000       1.2267
 189.000       1.1193
 190.000       1.0519
 191.000       0.8644
 192.000       0.7684
 193.000       1.1117
 194.000       0.8755
 195.000       0.7008
 196.000       0.7815
 197.000       0.7889
 198.000       0.6763
 199.000       0.7565
 200.000       0.9030
 201.000       0.8256
 202.000       0.7983
 203.000       1.1225
 204.000       1.3821
 205.000       2.1008
 206.000       2.2593
 207.000       2.5755
 208.000       2.4715
 209.000       3.4733
 210.000       3.8195
 211.000       4.3138
