#Res        AtomicFlx
   1.000       1.4089
   2.000       1.8158
   3.000       1.8506
   4.000       1.2846
   5.000       0.7384
   6.000       0.7323
   7.000       0.5950
   8.000       0.6563
   9.000       0.7412
  10.000       0.7697
  11.000       0.8726
  12.000       0.8947
  13.000       0.7827
  14.000       0.8440
  15.000       0.9279
  16.000       0.9010
  17.000       0.7191
  18.000       0.7177
  19.000       0.7820
  20.000       0.7108
  21.000       0.6561
  22.000       0.7603
  23.000       0.7475
  24.000       0.6283
  25.000       0.6584
  26.000       0.8443
  27.000       0.9428
  28.000       0.8377
  29.000       0.7650
  30.000       0.9361
  31.000       0.9054
  32.000       0.7809
  33.000       0.8237
  34.000       0.8136
  35.000       0.8187
  36.000       0.9247
  37.000       0.9507
  38.000       1.1300
  39.000       1.0622
  40.000       1.0471
  41.000       1.0336
  42.000       0.8811
  43.000       0.9267
  44.000       1.0130
  45.000       0.9225
  46.000       0.9312
  47.000       1.2087
  48.000       1.4244
  49.000       1.6592
  50.000       1.7134
  51.000       1.4432
  52.000       1.0604
  53.000       0.7574
  54.000       0.5694
  55.000       0.5033
  56.000       0.5659
  57.000       0.5061
  58.000       0.5804
  59.000       0.6703
  60.000       0.7760
  61.000       0.8623
  62.000       0.9227
  63.000       1.0736
  64.000       1.8754
  65.000       0.9564
  66.000       1.5307
  67.000       0.8210
  68.000       0.6153
  69.000       0.6644
  70.000       0.6044
  71.000       0.5414
  72.000       0.5398
  73.000       0.5019
  74.000       0.6298
  75.000       0.6580
  76.000       0.6425
  77.000       0.5952
  78.000       0.5342
  79.000       0.5130
  80.000       0.5572
  81.000       0.4515
  82.000       0.4431
  83.000       0.5962
  84.000       0.8238
  85.000       0.8563
  86.000       0.7199
  87.000       0.9606
  88.000       0.9647
  89.000       0.9869
  90.000       1.3907
  91.000       2.2116
  92.000       3.5251
  93.000       2.3413
  94.000       1.0309
  95.000       1.1592
  96.000       1.1658
  97.000       1.2233
  98.000       1.0377
  99.000       0.9325
 100.000       1.0828
 101.000       1.0376
 102.000       0.7938
 103.000       0.7995
 104.000       0.7750
 105.000       0.7830
 106.000       1.0460
 107.000       1.3108
 108.000       1.5246
 109.000       1.4111
 110.000       2.9693
 111.000       3.4975
 112.000       2.9043
 113.000       1.7710
 114.000       1.3531
 115.000       1.3887
 116.000       1.9869
 117.000       2.0443
 118.000       1.6127
 119.000       1.2319
 120.000       1.2802
 121.000       1.2656
 122.000       1.1109
 123.000       1.4097
 124.000       1.1781
 125.000       1.0561
 126.000       1.0745
 127.000       1.2649
 128.000       1.3186
 129.000       1.6546
 130.000       1.4105
 131.000       1.2213
 132.000       1.2617
 133.000       1.1632
 134.000       0.9123
 135.000       0.8323
 136.000       0.9575
 137.000       0.8304
 138.000       0.6147
 139.000       0.8177
 140.000       0.9405
 141.000       0.7547
 142.000       0.7637
 143.000       0.6275
 144.000       0.5092
 145.000       0.6395
 146.000       0.5998
 147.000       0.5581
 148.000       0.5984
 149.000       0.8184
 150.000       1.1107
 151.000       0.8930
 152.000       0.8100
 153.000       1.1714
 154.000       1.6122
 155.000       1.2329
 156.000       1.2817
 157.000       1.9972
 158.000       2.0628
 159.000       1.6076
 160.000       1.2355
 161.000       0.7284
 162.000       0.7436
 163.000       0.7722
 164.000       0.8917
 165.000       0.8594
 166.000       0.9260
 167.000       0.9816
 168.000       0.8757
 169.000       0.7812
 170.000       1.0826
 171.000       0.9973
 172.000       0.7381
 173.000       0.5823
 174.000       0.5796
 175.000       0.6006
 176.000       0.5938
 177.000       0.5597
 178.000       0.5559
 179.000       0.5165
 180.000       0.4907
 181.000       0.4677
 182.000       0.5805
 183.000       0.8464
 184.000       0.9555
 185.000       0.7619
 186.000       1.0213
 187.000       1.3606
 188.000       0.8105
 189.000       0.7405
 190.000       0.6775
 191.000       0.5570
 192.000       0.6318
 193.000       0.6691
 194.000       0.5688
 195.000       0.5369
 196.000       0.6594
 197.000       0.6640
 198.000       0.5510
 199.000       0.6388
 200.000       0.8652
 201.000       0.7790
 202.000       0.8300
 203.000       1.2331
 204.000       1.4428
 205.000       1.3482
 206.000       1.9358
 207.000       2.3557
 208.000       4.2463
 209.000       4.4447
 210.000       4.8998
 211.000       5.7931
