#Res        AtomicFlx
   1.000       5.7654
   2.000       3.6935
   3.000       1.8227
   4.000       1.2909
   5.000       1.0973
   6.000       0.8745
   7.000       0.6777
   8.000       0.5646
   9.000       0.6628
  10.000       0.6514
  11.000       0.7875
  12.000       0.7801
  13.000       0.7050
  14.000       0.7379
  15.000       0.8817
  16.000       0.9109
  17.000       0.7790
  18.000       0.7908
  19.000       0.8651
  20.000       0.8252
  21.000       0.7940
  22.000       0.9042
  23.000       0.8462
  24.000       0.6799
  25.000       0.8701
  26.000       1.0624
  27.000       1.1542
  28.000       1.2525
  29.000       1.4857
  30.000       1.9108
  31.000       1.6563
  32.000       1.2827
  33.000       1.1173
  34.000       1.0607
  35.000       0.9378
  36.000       0.9598
  37.000       0.9909
  38.000       1.1178
  39.000       1.2091
  40.000       1.5226
  41.000       1.4102
  42.000       1.1881
  43.000       1.3886
  44.000       1.5121
  45.000       1.1620
  46.000       1.0215
  47.000       1.4395
  48.000       1.7213
  49.000       1.9067
  50.000       1.7609
  51.000       1.3656
  52.000       0.9877
  53.000       0.6588
  54.000       0.6404
  55.000       0.5800
  56.000       0.5698
  57.000       0.5076
  58.000       0.5038
  59.000       0.5717
  60.000       0.6400
  61.000       0.7522
  62.000       0.8826
  63.000       1.3930
  64.000       2.2848
  65.000       1.3840
  66.000       1.2720
  67.000       0.9556
  68.000       0.7454
  69.000       0.6610
  70.000       0.5831
  71.000       0.5190
  72.000       0.4915
  73.000       0.5066
  74.000       0.6228
  75.000       0.6093
  76.000       0.6102
  77.000       0.6337
  78.000       0.6239
  79.000       0.5221
  80.000       0.4715
  81.000       0.4689
  82.000       0.4706
  83.000       0.5660
  84.000       0.7202
  85.000       0.9205
  86.000       0.8142
  87.000       0.9593
  88.000       0.9812
  89.000       0.9417
  90.000       1.1905
  91.000       1.5946
  92.000       2.5867
  93.000       1.8788
  94.000       0.7787
  95.000       0.7973
  96.000       0.8559
  97.000       0.9744
  98.000       0.8338
  99.000       0.7119
 100.000       0.8080
 101.000       0.8770
 102.000       0.6771
 103.000       0.7029
 104.000       0.6229
 105.000       0.6143
 106.000       0.7030
 107.000       0.8417
 108.000       0.9708
 109.000       1.0294
 110.000       1.8109
 111.000       1.8992
 112.000       2.0108
 113.000       1.9011
 114.000       2.3218
 115.000       1.9332
 116.000       1.5454
 117.000       1.5970
 118.000       1.5199
 119.000       1.0362
 120.000       0.8150
 121.000       0.8383
 122.000       0.7556
 123.000       1.0005
 124.000       0.8911
 125.000       0.8189
 126.000       0.8152
 127.000       0.8517
 128.000       0.9089
 129.000       1.1666
 130.000       1.2783
 131.000       1.1947
 132.000       1.1204
 133.000       1.0117
 134.000       0.8677
 135.000       0.8557
 136.000       0.8814
 137.000       0.7850
 138.000       0.6564
 139.000       0.8018
 140.000       0.8861
 141.000       0.7824
 142.000       0.7807
 143.000       0.6383
 144.000       0.5180
 145.000       0.6657
 146.000       0.6927
 147.000       0.7656
 148.000       0.8382
 149.000       0.8909
 150.000       1.2648
 151.000       1.1264
 152.000       0.9856
 153.000       1.1351
 154.000       1.3481
 155.000       1.0304
 156.000       0.9682
 157.000       1.4079
 158.000       1.3983
 159.000       1.1367
 160.000       0.8946
 161.000       0.6288
 162.000       0.6217
 163.000       0.5793
 164.000       0.6070
 165.000       0.5971
 166.000       0.8273
 167.000       0.8004
 168.000       0.7155
 169.000       0.8058
 170.000       1.0541
 171.000       1.0235
 172.000       0.7557
 173.000       0.6146
 174.000       0.6146
 175.000       0.6703
 176.000       0.5741
 177.000       0.4998
 178.000       0.4928
 179.000       0.4856
 180.000       0.5229
 181.000       0.5879
 182.000       0.6776
 183.000       0.9016
 184.000       1.0372
 185.000       0.8189
 186.000       0.9448
 187.000       1.1612
 188.000       0.8396
 189.000       0.8445
 190.000       0.8004
 191.000       0.6557
 192.000       0.6976
 193.000       0.7228
 194.000       0.6550
 195.000       0.6636
 196.000       0.8235
 197.000       0.8360
 198.000       0.7686
 199.000       0.7240
 200.000       0.9714
 201.000       0.9619
 202.000       0.8922
 203.000       1.3012
 204.000       1.5786
 205.000       1.4353
 206.000       2.0528
 207.000       2.5233
 208.000       2.5835
 209.000       4.1295
 210.000       6.2241
 211.000       8.2618
