#Res        AtomicFlx
   1.000       6.1230
   2.000       4.4556
   3.000       2.2681
   4.000       1.2986
   5.000       0.8477
   6.000       0.6976
   7.000       0.5843
   8.000       0.5690
   9.000       0.5507
  10.000       0.5859
  11.000       0.7138
  12.000       0.7190
  13.000       0.7135
  14.000       0.7590
  15.000       0.8660
  16.000       0.8825
  17.000       0.7140
  18.000       0.7303
  19.000       0.8159
  20.000       0.7977
  21.000       0.7903
  22.000       0.9094
  23.000       0.9610
  24.000       0.7672
  25.000       0.8490
  26.000       1.2261
  27.000       1.6137
  28.000       1.2761
  29.000       1.0976
  30.000       1.7457
  31.000       1.4818
  32.000       0.9810
  33.000       1.0809
  34.000       0.9756
  35.000       0.9015
  36.000       1.0304
  37.000       1.0955
  38.000       1.6815
  39.000       1.6732
  40.000       0.9806
  41.000       0.9203
  42.000       0.8003
  43.000       0.8498
  44.000       0.8918
  45.000       0.8263
  46.000       0.8446
  47.000       1.0175
  48.000       1.4511
  49.000       2.0557
  50.000       2.0925
  51.000       1.8039
  52.000       0.9559
  53.000       0.6424
  54.000       0.5518
  55.000       0.5205
  56.000       0.5472
  57.000       0.4636
  58.000       0.4493
  59.000       0.4942
  60.000       0.5684
  61.000       0.6802
  62.000       0.7925
  63.000       1.1778
  64.000       1.1090
  65.000       0.7930
  66.000       1.1824
  67.000       0.7625
  68.000       0.5799
  69.000       0.6163
  70.000       0.5925
  71.000       0.5075
  72.000       0.5266
  73.000       0.5296
  74.000       0.5966
  75.000       0.5921
  76.000       0.5827
  77.000       0.5817
  78.000       0.5396
  79.000       0.4686
  80.000       0.4602
  81.000       0.4308
  82.000       0.4503
  83.000       0.5399
  84.000       0.7115
  85.000       0.8381
  86.000       0.7127
  87.000       0.8723
  88.000       0.8902
  89.000       0.9280
  90.000       1.2312
  91.000       1.5529
  92.000       2.2508
  93.000       1.7958
  94.000       0.8690
  95.000       0.8729
  96.000       0.8569
  97.000       0.9607
  98.000       0.8626
  99.000       0.7318
 100.000       0.7906
 101.000       0.8620
 102.000       0.6471
 103.000       0.6529
 104.000       0.5756
 105.000       0.5766
 106.000       0.6187
 107.000       0.7243
 108.000       0.7906
 109.000       0.9232
 110.000       1.5443
 111.000       1.6286
 112.000       1.9800
 113.000       1.3894
 114.000       1.1075
 115.000       0.9856
 116.000       1.0406
 117.000       0.9933
 118.000       1.1855
 119.000       0.9335
 120.000       0.7381
 121.000       0.7812
 122.000       0.7233
 123.000       1.0067
 124.000       0.8043
 125.000       0.7093
 126.000       0.6965
 127.000       0.7308
 128.000       0.7915
 129.000       0.9729
 130.000       0.9377
 131.000       0.8748
 132.000       0.8973
 133.000       0.8221
 134.000       0.6947
 135.000       0.6604
 136.000       0.7033
 137.000       0.6571
 138.000       0.5541
 139.000       0.7035
 140.000       0.8326
 141.000       0.7505
 142.000       0.7126
 143.000       0.5937
 144.000       0.4735
 145.000       0.5844
 146.000       0.5734
 147.000       0.6285
 148.000       0.6478
 149.000       0.7640
 150.000       1.1147
 151.000       0.9102
 152.000       0.7759
 153.000       0.9728
 154.000       1.2681
 155.000       0.9371
 156.000       0.9682
 157.000       1.4343
 158.000       1.4021
 159.000       1.1479
 160.000       0.8739
 161.000       0.6029
 162.000       0.6143
 163.000       0.6039
 164.000       0.6297
 165.000       0.6901
 166.000       0.8247
 167.000       0.7839
 168.000       0.7197
 169.000       0.6703
 170.000       0.8455
 171.000       0.8702
 172.000       0.6821
 173.000       0.5530
 174.000       0.5766
 175.000       0.5366
 176.000       0.5264
 177.000       0.4831
 178.000       0.4903
 179.000       0.4765
 180.000       0.4502
 181.000       0.4973
 182.000       0.5739
 183.000       0.9293
 184.000       1.0939
 185.000       0.7798
 186.000       1.0951
 187.000       1.5297
 188.000       0.9647
 189.000       1.0040
 190.000       0.8719
 191.000       0.7095
 192.000       0.7358
 193.000       0.7380
 194.000       0.6529
 195.000       0.6108
 196.000       0.6666
 197.000       0.6796
 198.000       0.5965
 199.000       0.6345
 200.000       0.8080
 201.000       0.7743
 202.000       0.7810
 203.000       1.1204
 204.000       1.3439
 205.000       1.3206
 206.000       1.7457
 207.000       2.1505
 208.000       2.7445
 209.000       4.1310
 210.000       6.3111
 211.000       8.2939
