| Run on Mon Feb  9 17:22:16 2026
| GB non-polar solvation energies calculated with gbsa=2
idecomp = 2: Per-residue decomp adding 1-4 interactions to EEL and VDW.
Energy Decomposition Analysis (All units kcal/mol): Generalized Born solvent
DELTAS:
Total Energy Decomposition:
Residue,Location,Internal,,,van der Waals,,,Electrostatic,,,Polar Solvation,,,Non-Polar Solv.,,,TOTAL,,
,,Avg.,Std. Dev.,Std. Err. of Mean,Avg.,Std. Dev.,Std. Err. of Mean,Avg.,Std. Dev.,Std. Err. of Mean,Avg.,Std. Dev.,Std. Err. of Mean,Avg.,Std. Dev.,Std. Err. of Mean
GLY   1,R GLY   1,0.0,0.0,0.0,-8.33333333333323e-06,9.090593428862983e-05,1.6597076940321635e-06,0.04121966666666666,0.011525048657405047,0.00021041763753351243,-0.041089666666666476,0.011514148972267029,0.00021021863741951924,0.0,0.0,0.0,0.00012166666666683076,0.000583835498140348,1.0659329073457801e-05
PRO   2,R PRO   2,0.0,0.0,0.0,-1.6333333333333196e-05,0.00012675391731838226,2.3141993255807565e-06,-0.0008106666666666608,0.0014769855186230483,2.6965942855277004e-05,0.0008136666666666626,0.0014749960075275442,2.692961951842986e-05,0.0,0.0,0.0,-1.3333333333360286e-05,0.0005970669048682177,1.0900900404537131e-05
ARG   3,R ARG   3,0.0,0.0,0.0,-5.433333333333245e-05,0.0002266742645785369,4.138486930518631e-06,0.0557476666666668,0.020276965450700797,0.00037020504583672447,-0.055295666666666424,0.020130215627812777,0.00036752577289320257,0.0,0.0,0.0,0.00039766666666726753,0.0006533461733428237,1.1928414566651498e-05
ASN   4,R ASN   4,0.0,0.0,0.0,-4.6999999999999706e-05,0.00021163884331568104,3.863978950943331e-06,0.0013279999999999507,0.0035524286528137664,6.48581769024596e-05,-0.0011513333333333332,0.003509002454006303,6.406532661334121e-05,0.0,0.0,0.0,0.00012966666666648053,0.0006214391004397237,1.1345873780885175e-05
LEU   5,R LEU   5,0.0,0.0,0.0,-0.00011900000000000196,0.00032378851122299464,5.9115423819282934e-06,-0.0030016666666666508,0.0013184576426855128,2.407163306713138e-05,0.003540666666666665,0.0012739752308773018,2.3259499055145006e-05,0.0,0.0,0.0,0.0004200000000000209,0.0006813711665947032,1.244007859925098e-05
ARG   6,R ARG   6,0.0,0.0,0.0,-0.00019833333333333435,0.00039874455760828195,7.2800462961491405e-06,0.10533199999999965,0.025950666837932564,0.00047379218698123085,-0.1035353333333331,0.025579602907176837,0.00046701751747618264,0.0,0.0,0.0,0.0015983333333331965,0.0009717667186911166,1.774195174866339e-05
VAL   7,R VAL   7,0.0,0.0,0.0,-0.00042966666666666197,0.0004950285064743358,9.037942653469529e-06,-0.0041826666666665655,0.0025057200340199257,4.574797951417751e-05,0.0071940000000000935,0.0026202475709999292,4.783895669615935e-05,0.0,0.0,0.0,0.002581666666666779,0.0010132442395044499,1.8499224207958477e-05
LEU   8,R LEU   8,0.0,0.0,0.0,-0.0015116666666666625,0.0005078030020479491,9.271171966350126e-06,0.00957966666666668,0.0032664435127859838,5.9636826492309924e-05,-0.006492333333333401,0.003234492421110407,5.905348203738895e-05,0.0,0.0,0.0,0.0015756666666666903,0.0015127043847214428,2.7618077144963576e-05
LEU   9,R LEU   9,0.0,0.0,0.0,-0.002978666666666667,0.0008121236906338381,1.4827282161483337e-05,0.004020000000000031,0.007381074899136775,0.000134759374029746,-0.004253000000000001,0.008507858582902417,0.00015533153539731967,0.0,0.0,0.0,-0.0032116666666665433,0.0035777363265370237,6.53202296949999e-05
ASP  10,R ASP  10,0.0,0.0,0.0,-0.025824666666666843,0.006259653203030096,0.00011428510871530162,-0.5919070000000012,0.1718159490588678,0.0031369157012900136,0.6425726666666682,0.18649111699905235,0.003404846385157204,0.0,0.0,0.0,0.024841,0.03868986584365464,0.0007063770756472764
THR  11,R THR  11,0.0,0.0,0.0,-0.02381733333333359,0.00834489661742657,0.00015235627058043634,-0.03673699999999996,0.03571508314890692,0.0006520652227942987,0.039844333333333634,0.0443380810878812,0.0008094989056108575,0.0,0.0,0.0,-0.020709999999999954,0.015010504099907247,0.0002740530565014326
ALA  12,R ALA  12,0.0,0.0,0.0,-0.2133553333333332,0.09117666224545605,0.0016646504876621968,-0.05753199999999987,0.06851503710378737,0.001250907711668259,0.09290233333333334,0.08299650270476588,0.0015153018908479602,-0.012075343199999845,0.011715278676462491,0.00021389074661859242,-0.19006034320000018,0.08715745764628033,0.0015912701869222952
ILE  13,R ILE  13,0.0,0.0,0.0,-0.026689333333333457,0.009544674931895007,0.00017426112547509935,-0.037441666666667116,0.0161661146812976,0.0002951515226054045,0.056914999999999716,0.018603989939437234,0.0003396608316476314,0.0,0.0,0.0,-0.007216000000000024,0.011894621081256324,0.00021716507597268592
PRO  14,R PRO  14,0.0,0.0,0.0,-0.009749999999999957,0.0037478215894925465,6.842554753566448e-05,0.008543666666666673,0.011865724864312142,0.0002166375056444562,-0.00246066666666666,0.012194416190298778,0.0002226385607677617,0.0,0.0,0.0,-0.0036670000000000183,0.005109022509247775,9.327756250388842e-05
PRO  15,R PRO  15,0.0,0.0,0.0,-0.0018976666666666708,0.000609257380386483,1.1123467018806077e-05,0.00826633333333326,0.004306049994549196,7.86173571919864e-05,-0.010715999999999951,0.004376453358599785,7.990274087914493e-05,0.0,0.0,0.0,-0.004347333333333274,0.0016155575576939896,2.9495910576565065e-05
SER  16,R SER  16,0.0,0.0,0.0,-0.0008926666666666641,0.0004477494338974988,8.174748835194279e-06,0.00971899999999998,0.008716423521146708,0.00015913939277668868,-0.004975000000000006,0.0078563588894602,0.00014343683278711958,0.0,0.0,0.0,0.003851333333333338,0.0018908282723598807,3.452164323800095e-05
PHE  17,R PHE  17,0.0,0.0,0.0,-0.00451599999999998,0.0018360493820519146,3.352152210810848e-05,0.019753999999999997,0.005358060967676106,9.78243618828054e-05,-0.02229666666666683,0.005505269193134596,0.00010051200407393611,0.0,0.0,0.0,-0.007058666666666656,0.004337728847629258,7.919573127291447e-05
CYS  18,R CYS  18,0.0,0.0,0.0,-0.001257333333333333,0.0005024402673176448,9.173262273626658e-06,0.010989999999999922,0.005974827752050002,0.00010908493123352232,-0.010602333333333363,0.005695336796206119,0.00010398214786237649,0.0,0.0,0.0,-0.0008696666666666656,0.0017686190155662088,3.2290417681939766e-05
ASP  19,R ASP  19,0.0,0.0,0.0,-0.0003750000000000006,0.0004841229182759265,8.838834764831832e-06,-0.16677199999999986,0.03731643091186346,0.0006813016992003563,0.1670750000000001,0.0375818046621856,0.0006861467388410624,0.0,0.0,0.0,-7.199999999987957e-05,0.001073382193504605,1.9597188006894912e-05
THR  20,R THR  20,0.0,0.0,0.0,-0.0004576666666666644,0.0004982046656634989,9.095931121273927e-06,0.017650666666666627,0.00468073707396105,8.54581760386398e-05,-0.012236333333333436,0.004393458761486642,8.021321563783144e-05,0.0,0.0,0.0,0.0049566666666666075,0.001668169322607621,3.045646559101022e-05
VAL  21,R VAL  21,0.0,0.0,0.0,-0.0006383333333333339,0.0004818684698361155,8.797674355991272e-06,0.013303333333333375,0.0026398211218860994,4.81963192078537e-05,-0.011070333333333413,0.0026168785264541277,4.777744663966017e-05,0.0,0.0,0.0,0.001594666666666748,0.0010619345031068381,1.9388182731488505e-05
SER  22,R SER  22,0.0,0.0,0.0,-0.00018100000000000033,0.00038501818138887993,7.029438099876842e-06,0.01060199999999998,0.004181418738498483,7.634191218168048e-05,-0.009849999999999961,0.004177738622747929,7.627472276798687e-05,0.0,0.0,0.0,0.0005709999999999812,0.0008392212660158973,1.5322013937831686e-05
SER  23,R SER  23,0.0,0.0,0.0,-0.0001213333333333334,0.00032651425015694987,5.961307338594872e-06,0.007809000000000013,0.0027613738730323423,5.0415558665507347e-05,-0.007207333333333332,0.002771704569794973,5.0604170520561964e-05,0.0,0.0,0.0,0.0004803333333332959,0.0007148052570844457,1.3050498784281012e-05
VAL  24,R VAL  24,0.0,0.0,0.0,-0.00015533333333333612,0.00036222215405589623,6.613241486817525e-06,0.005302666666666667,0.0018017749273671624,3.289575904220757e-05,-0.00450666666666663,0.001679669279616914,3.06664251198212e-05,0.0,0.0,0.0,0.0006406666666666816,0.0007166213939188502,1.3083656754671658e-05
LEU  25,R LEU  25,0.0,0.0,0.0,-0.00018833333333333806,0.00039097811817146144,7.1382511604476635e-06,0.006847333333333302,0.0013577037804894266,2.4788166232803378e-05,-0.006308000000000021,0.001313951800231431,2.3989368015375884e-05,0.0,0.0,0.0,0.0003509999999999325,0.0007228178654867275,1.3196788329827183e-05
LEU  26,R LEU  26,0.0,0.0,0.0,-7.599999999999984e-05,0.0002649981132008296,4.83818147654673e-06,0.0037936666666666453,0.0009834089801411957,1.7954509389216095e-05,-0.0037969999999999974,0.0009732031305609248,1.776817692142879e-05,0.0,0.0,0.0,-7.93333333333243e-05,0.0006395620029017133,1.1676751197081762e-05
ASP  27,R ASP  27,0.0,0.0,0.0,-4.833333333333297e-05,0.00021446963006967093,3.9156618096315676e-06,-0.047311000000000075,0.017316916940763812,0.00031616220116332307,0.04702900000000004,0.017228701605170534,0.00031455161685591215,0.0,0.0,0.0,-0.0003303333333331745,0.0006195804135775171,1.1311938956826206e-05
ASP  28,R ASP  28,0.0,0.0,0.0,-4.666666666666649e-05,0.00021092389359408413,3.850925814609976e-06,-0.03297899999999987,0.016373776564983785,0.0002989428925397024,0.03287433333333324,0.016325783530626994,0.0002980666636223579,0.0,0.0,0.0,-0.0001513333333334425,0.0006108176669203361,1.1151953823164839e-05
PHE  29,R PHE  29,0.0,0.0,0.0,-8.033333333332986e-05,0.0002718085519053483,4.962522506712436e-06,-0.0015476666666666642,0.0016704474117899015,3.0498057618781672e-05,0.0014506666666666513,0.0016371416825946873,2.9889980979635768e-05,0.0,0.0,0.0,-0.00017733333333332395,0.0006541301263680061,1.194272752518206e-05
ASN  30,R ASN  30,0.0,0.0,0.0,-2.7000000000000155e-05,0.00016208331191088204,2.959222870957862e-06,-0.0018840000000000595,0.0020594199830696837,3.75996926701391e-05,0.0018840000000000306,0.0020508235744045003,3.744274443882397e-05,0.0,0.0,0.0,-2.7000000000204713e-05,0.0005974426053327504,1.0907759725180121e-05
MET  31,R MET  31,0.0,0.0,0.0,-4.799999999999989e-05,0.0002137662274541975,3.902819493648137e-06,0.0014986666666666722,0.0019743348809718696,3.6046258345919005e-05,-0.0013566666666666627,0.0019401345886876742,3.542184929400821e-05,0.0,0.0,0.0,9.399999999998906e-05,0.000624897858320319,1.1409021771290202e-05
VAL  32,R VAL  32,0.0,0.0,0.0,-0.00010099999999999824,0.00030132872415353413,5.5014846481047475e-06,0.00041666666666665954,0.0018946562279796783,3.459153182607068e-05,0.00014366666666666616,0.0019846981018672694,3.623546400767965e-05,0.0,0.0,0.0,0.00045933333333332804,0.0006916257819242004,1.2627301403734444e-05
SER  33,R SER  33,0.0,0.0,0.0,-0.00011633333333333058,0.0003206242175645558,5.853770548085044e-06,0.0006343333333333449,0.003131658967526427,5.717600863091875e-05,-0.0001463333333333258,0.003034510376028087,5.540232613113557e-05,0.0,0.0,0.0,0.0003716666666666913,0.0007184686647462006,1.3117383151403691e-05
LEU  34,R LEU  34,0.0,0.0,0.0,-0.00043500000000000293,0.0004957569969249025,9.051243008559612e-06,0.003422999999999998,0.004190871548178638,7.65144960848013e-05,-0.0010586666666666652,0.004257529591467606,7.773149988308541e-05,0.0,0.0,0.0,0.0019293333333333172,0.0009079314707374858,1.6576484906392087e-05
ILE  35,R ILE  35,0.0,0.0,0.0,-0.0005986666666666646,0.0004901682250910103,8.949206461820537e-06,-0.004758333333333315,0.003569117148850965,6.51628657601399e-05,0.005494666666666662,0.003505800653520126,6.40068700016442e-05,0.0,0.0,0.0,0.00013766666666665964,0.0009388190572321014,1.7140412502058514e-05
ARG  36,R ARG  36,0.0,0.0,0.0,-0.0030146666666666716,0.0009628697846657578,1.7579516700052582e-05,0.43650266666666704,0.08203422452176704,0.0014977331752671751,-0.40640466666666575,0.07578026729667704,0.0013835520604053683,0.0,0.0,0.0,0.027083333333333428,0.008275730917703252,0.0001510934834489667
THR  37,R THR  37,0.0,0.0,0.0,-0.0037429999999999777,0.0008927211210674914,1.6298783185665513e-05,-0.021822999999999974,0.012222315833479517,0.0002231479362316429,0.026742333333333684,0.01100439039151449,0.00020091176163418643,0.0,0.0,0.0,0.0011763333333333866,0.0027473453651762013,5.0159434325475784e-05
SER  38,R SER  38,0.0,0.0,0.0,-0.009677999999999987,0.002324144860660241,4.2432885569777173e-05,0.03008233333333354,0.01330747488777889,0.00024296013931566755,-0.05452533333333337,0.019121437137992685,0.00034910808174652057,0.0,0.0,0.0,-0.03412100000000013,0.01198784213276056,0.0002188670517307933
PRO  39,R PRO  39,0.0,0.0,0.0,-0.10115400000000005,0.03830900177938946,0.0006994234810025718,0.08533066666666678,0.0296345517859724,0.0005410504164910697,-0.07213700000000024,0.031060289186246964,0.0005670807009980414,-0.0004750104000000009,0.0023395889469844566,4.271485471843817e-05,-0.08843534373333323,0.04298349362512843,0.0007847676352954116
ALA  40,R ALA  40,0.0,0.0,0.0,-0.01070633333333326,0.002755496305366603,5.030824945238107e-05,0.03494533333333365,0.008946676005954748,0.0001633432087717213,-0.010901000000000008,0.008369898386479852,0.00015281273834337025,0.0,0.0,0.0,0.013338000000000006,0.00491430795399167,8.972257736427659e-05
ASP  41,R ASP  41,0.0,0.0,0.0,-0.0033496666666666557,0.0007179135664472806,1.3107248489405318e-05,-0.32799633333333345,0.05761307999538933,0.0010518661173608123,0.3344379999999995,0.057549551020545896,0.0010507062422749147,0.0,0.0,0.0,0.003092000000000051,0.0037244511004978615,6.79988627355873e-05
SER  42,R SER  42,0.0,0.0,0.0,-0.004504333333333312,0.0009996572190281564,1.8251160287820128e-05,0.026525666666666524,0.013180971431912507,0.000240650512769655,-0.01450200000000006,0.013829485263980876,0.0002524907012589204,0.0,0.0,0.0,0.007519333333333313,0.00414724320750819,7.571795520707714e-05
LEU  43,R LEU  43,0.0,0.0,0.0,-0.00437066666666665,0.0007584674606655636,1.3847657911339716e-05,0.010741000000000056,0.007813871362306088,0.00014266112021928888,-0.006566000000000037,0.007888407781886743,0.00014402196283128872,0.0,0.0,0.0,-0.0001956666666666241,0.0015737580994408292,2.873276037067335e-05
ALA  44,R ALA  44,0.0,0.0,0.0,-0.0008450000000000018,0.00040862574564013885,7.460451282149078e-06,0.016134999999999965,0.003699924548780556,6.755107121447445e-05,-0.01498600000000013,0.0035372028497095845,6.458019304191651e-05,0.0,0.0,0.0,0.00030399999999995253,0.0011255742238223709,2.0550079751129374e-05
THR  45,R THR  45,0.0,0.0,0.0,-0.0007133333333333262,0.00045294100670564537,8.269533553059356e-06,0.010522999999999966,0.005312639425621499,9.699508177680614e-05,-0.003130333333333334,0.005603333521713246,0.00010230240556890693,0.0,0.0,0.0,0.006679333333333346,0.001605772780383882,2.9317265801468042e-05
ILE  46,R ILE  46,0.0,0.0,0.0,-0.0008423333333333481,0.0003716735425372494,6.785799442516913e-06,0.006480333333333377,0.0035163825951615513,6.420006893961793e-05,-0.004495999999999981,0.003632260636756876,6.631570284966064e-05,0.0,0.0,0.0,0.00114200000000002,0.0011128803469675728,2.0318322327943854e-05
LYS  47,R LYS  47,0.0,0.0,0.0,-0.0008183333333333333,0.0004509218951831026,8.232669788825512e-06,0.0967916666666669,0.07796613964122841,0.0014234604467699512,-0.08524833333333331,0.07671279335214513,0.0014005775789400746,0.0,0.0,0.0,0.01072500000000004,0.004577776935005175,8.35783896843065e-05
GLN  48,R GLN  48,0.0,0.0,0.0,-0.00026799999999999773,0.00044291759956000665,8.086532013168529e-06,0.00393866666666684,0.007545036219631626,0.0001377528844895248,-0.0024863333333333473,0.007573142009026976,0.00013826602365113556,0.0,0.0,0.0,0.001184333333333458,0.0009225081149899709,1.6842616802052558e-05
ASP  49,R ASP  49,0.0,0.0,0.0,-0.00010966666666666641,0.0003124738211256878,5.704965348679118e-06,-0.06359533333333318,0.02736232650115058,0.0004995654483500526,0.06323666666666666,0.02721798404650044,0.0004969301277361343,0.0,0.0,0.0,-0.00046833333333328635,0.0007068690747859811,1.2905604582102935e-05
ASN  50,R ASN  50,0.0,0.0,0.0,-9.63333333333338e-05,0.0002950478303974171,5.386811741720793e-06,0.0010086666666665944,0.0051302948150070155,9.366593989437119e-05,-0.0007550000000000244,0.005073753541511451,9.263364219691821e-05,0.0,0.0,0.0,0.0001573333333333314,0.0006855019247882432,1.2515495580657686e-05
ALA  51,R ALA  51,0.0,0.0,0.0,-0.00011333333333333085,0.0003169998247458264,5.787598491282449e-06,-0.0021813333333333194,0.0025680962252653894,4.688680774739074e-05,0.0026599999999999866,0.0026122276572560195,4.769253377393318e-05,0.0,0.0,0.0,0.0003653333333333507,0.0006854669130518615,1.251485635673123e-05
GLU  52,R GLU  52,0.0,0.0,0.0,-0.00010333333333333165,0.0003043937508483911,5.557444123442369e-06,-0.07861333333333331,0.021103676351658326,0.00038529865280305305,0.07840266666666651,0.021013452664637472,0.0003836514011829661,0.0,0.0,0.0,-0.00031399999999998345,0.000662372503455314,1.2093212053788136e-05
ILE  53,R ILE  53,0.0,0.0,0.0,-0.00034200000000000273,0.0004743795948394131,8.660946830456929e-06,0.00700699999999997,0.001988873466731049,3.6311695391736536e-05,-0.0056690000000000065,0.001959958928141056,3.578379055755011e-05,0.0,0.0,0.0,0.0009960000000000127,0.0007911915065266828,1.4445114514372e-05
ASP  54,R ASP  54,0.0,0.0,0.0,-0.00016500000000000393,0.00037118054905935753,6.776798654232103e-06,-0.06784133333333305,0.025948387712706314,0.00047375057603797095,0.06765266666666665,0.02577695403952051,0.00047062063970730985,0.0,0.0,0.0,-0.00035366666666656715,0.0007623996473124852,1.3919449488901034e-05
ILE  55,R ILE  55,0.0,0.0,0.0,-0.00047333333333333776,0.0004992883824894026,9.11571699299044e-06,-0.006221000000000016,0.001833982642593236,3.348378878070834e-05,0.008604000000000094,0.001975647741880539,3.60702277970705e-05,0.0,0.0,0.0,0.0019096666666666734,0.0010057368222131798,1.8362158147990713e-05
ALA  56,R ALA  56,0.0,0.0,0.0,-0.0009433333333333288,0.0003456234302756465,6.3101916388095175e-06,0.01736999999999996,0.0029526993299923672,5.390866761890699e-05,-0.013340333333333529,0.0030192449203198593,5.5123618316402494e-05,0.0,0.0,0.0,0.0030863333333333294,0.001552700836893206,2.8348309114118617e-05
ILE  57,R ILE  57,0.0,0.0,0.0,-0.004261333333333304,0.0007378153939537396,1.3470604484767464e-05,-0.02100766666666647,0.005923817003326366,0.00010815360664181686,0.02471900000000028,0.007266592897177365,0.00013266922819969536,0.0,0.0,0.0,-0.000550000000000024,0.004256700600230209,7.771636464306219e-05
THR  58,R THR  58,0.0,0.0,0.0,-0.01687733333333337,0.003149225230998351,5.7496723256073805e-05,0.0710983333333333,0.018736114784613966,0.00034207309025130386,-0.1148643333333331,0.02759161577766335,0.0005037516786480554,0.0,0.0,0.0,-0.06064333333333327,0.02330502354047819,0.00042548956987696054
ILE  59,R ILE  59,0.0,0.0,0.0,-0.7654496666666667,0.2020458697092224,0.003688836016349695,0.12127966666666655,0.047530223225741956,0.0008677791807998276,-0.1056106666666666,0.053171111387878806,0.0009707672371587014,-0.0806257488,0.024411117745203104,0.0004456839947654129,-0.8304064154666677,0.21870504669195756,0.003992989583780192
ASP  60,R ASP  60,0.0,0.0,0.0,-0.037676333333333645,0.007820458632471671,0.0001427813867680246,-0.16629533333333332,0.19941896794994735,0.0036408755713528635,0.18671366666666772,0.20562052024677685,0.00375409990750358,0.0,0.0,0.0,-0.01725799999999996,0.021235899698388017,0.000387712709790809
GLU  61,R GLU  61,0.0,0.0,0.0,-0.024406666666666906,0.01588374291182186,0.0002899961430139208,0.35822166666666644,0.29497176225963634,0.005385422933888461,-0.27987166666666624,0.2585680320480899,0.004720784793415252,0.0,0.0,0.0,0.05394333333333346,0.04199778711101611,0.0007667711788667748
GLU  62,R GLU  62,0.0,0.0,0.0,-0.0030623333333333396,0.0007486306758938263,1.3668063614246254e-05,0.03840366666666671,0.11009687879267467,0.0020100848008553353,-0.027807666666666606,0.10916227984620983,0.001993021436682023,0.0,0.0,0.0,0.007533666666666766,0.0027209434434072853,4.9677403388331716e-05
LEU  63,R LEU  63,0.0,0.0,0.0,-0.0014056666666666473,0.0005426182410827007,9.906808358492387e-06,-0.0023143333333333327,0.006559079805040373,0.00011975186552323997,0.003262999999999995,0.006108504808870993,0.0001115255292149142,0.0,0.0,0.0,-0.0004570000000000197,0.001106714808189818,2.0205755505685547e-05
LYS  64,R LYS  64,0.0,0.0,0.0,-0.0005213333333333336,0.0004995446815740077,9.120396352660644e-06,-0.018935666666666667,0.04034930228090147,0.0007366741012948129,0.02175199999999998,0.04015793606914246,0.0007331802482639888,0.0,0.0,0.0,0.0022949999999999776,0.0011497717164724915,2.0991863503113925e-05
ILE  65,R ILE  65,0.0,0.0,0.0,-0.0007409999999999962,0.0004403623507975812,8.039879766927944e-06,0.0040826666666666485,0.0036998873256116746,6.755039161549919e-05,-0.003492999999999994,0.0035018972476835125,6.393560388738386e-05,0.0,0.0,0.0,-0.00015133333333333738,0.0008196126456374963,1.4964011147738163e-05
SER  66,R SER  66,0.0,0.0,0.0,-0.00012799999999999953,0.000334089808285136,6.0996174743448446e-06,0.005036333333333333,0.0027265998158063965,4.9780674146886475e-05,-0.005130333333333324,0.0026501597226498553,4.8385075369565344e-05,0.0,0.0,0.0,-0.00022199999999998496,0.0006875434531722291,1.2552768618914224e-05
ARG  67,R ARG  67,0.0,0.0,0.0,-0.00018833333333333205,0.00039097811817144826,7.138251160447423e-06,0.05768466666666655,0.02999993163695923,0.0005477213093725151,-0.05667066666666657,0.029815603401947853,0.0005443559516291536,0.0,0.0,0.0,0.0008256666666668574,0.0007995464686655991,1.4597654555391536e-05
PHE  68,R PHE  68,0.0,0.0,0.0,-0.0004476666666666769,0.0004972536799484041,9.078568577006508e-06,0.003951666666666664,0.0023836940286501205,4.3520099656067886e-05,-0.0035120000000000004,0.002334635446202877,4.2624416581215145e-05,0.0,0.0,0.0,-7.999999999991038e-06,0.0008671424335136703,1.5831782380178697e-05
ASN  69,R ASN  69,0.0,0.0,0.0,-0.0003426666666666708,0.0004746011190697187,8.664991291056006e-06,-0.00948399999999991,0.004052210590118047,7.398290493229916e-05,0.011108999999999985,0.003929603754409146,7.174442061156267e-05,0.0,0.0,0.0,0.0012823333333334712,0.001082260545750901,1.9759283800187345e-05
GLN  70,R GLN  70,0.0,0.0,0.0,-0.0015753333333333433,0.0006794543562463183,1.2405082590375322e-05,0.0075436666666665484,0.0203405529232177,0.0003713659889391327,0.00458266666666667,0.016592925185820114,0.00030294398064230923,0.0,0.0,0.0,0.01055099999999993,0.005218562924790618,9.527748772226523e-05
CYS  71,R CYS  71,0.0,0.0,0.0,-0.0010186666666666597,0.00031461864040270023,5.744124212005505e-06,-0.018769333333333554,0.0049044326435935945,8.954227968869688e-05,0.021021333333333413,0.005201430401554538,9.496469207415248e-05,0.0,0.0,0.0,0.0012333333333333152,0.0017579027908909588,3.209476708240884e-05
VAL  72,R VAL  72,0.0,0.0,0.0,-0.0028613333333333403,0.0006229806488879842,1.137401847617182e-05,-0.012965666666666664,0.008099083562697437,0.0001478683587469564,0.0243180000000002,0.008811103373962246,0.00016086800248096662,0.0,0.0,0.0,0.00849100000000002,0.0024554535901402425,4.4830244007561846e-05
LEU  73,R LEU  73,0.0,0.0,0.0,-0.0025606666666666547,0.0005319644933850079,9.712298427292551e-06,0.007301333333333311,0.009028687513820712,0.00016484052719949467,0.007201333333333373,0.009653503589658654,0.0001762480558337713,0.0,0.0,0.0,0.011942000000000012,0.0029179849211395997,5.3274872125603064e-05
GLY  74,R GLY  74,0.0,0.0,0.0,-0.0039626666666665615,0.0006495687458280519,1.1859448491345459e-05,0.022660333333333203,0.017832600106421997,0.00032557724457521177,-0.0194483333333334,0.01629721849137287,0.00029754513974384114,0.0,0.0,0.0,-0.0007506666666666699,0.0041537733314288,7.583717841289787e-05
TYR  75,R TYR  75,0.0,0.0,0.0,-0.02758766666666688,0.004596627157188497,8.392254608109949e-05,-0.013738333333333361,0.06660614484081463,0.0012160562665923505,0.035232999999999896,0.07370697419059717,0.0013456990803213716,0.0,0.0,0.0,-0.0060929999999999205,0.015393733064681536,0.0002810498281246403
THR  76,R THR  76,0.0,0.0,0.0,-0.13074000000000005,0.05829259872974054,0.0010642723753291961,-0.06883033333333341,0.13476834029754767,0.002460522000616645,0.14603433333333354,0.14344557558375784,0.0026189459173845482,-0.005869312799999972,0.006477594117725875,0.00011826414722137454,-0.05940531280000029,0.06134893487012657,0.0011200731835761197
LYS  77,R LYS  77,0.0,0.0,0.0,-0.11655466666666664,0.040466064114129945,0.0007388058709586426,-0.31430333333333366,0.3473892792275291,0.006342431482279283,0.4657506666666685,0.35657048555120374,0.00651005660923214,-0.0002106,0.0009346093900662466,1.7063554846514266e-05,0.03468206666666655,0.04927672710588221,0.0008996658331972649
ALA  78,R ALA  78,0.0,0.0,0.0,-0.6612756666666665,0.2103496652589598,0.0038404418875331013,0.08081433333333324,0.0943488731317035,0.0017225668696475695,-0.1042983333333331,0.07236866262793337,0.0013212649659266734,-0.06118504080000016,0.02108011967052728,0.0003848685686152054,-0.7459447074666661,0.21890397300587605,0.003996621464760676
PHE  79,R PHE  79,0.0,0.0,0.0,-0.15063533333333295,0.03026191806361488,0.0005525045052271641,-0.08926366666666685,0.033315434059238425,0.0006082538249106929,0.10446800000000019,0.03691173674230523,0.0006739130283484276,0.0,0.0,0.0,-0.13543100000000027,0.05303641427359069,0.0009683080155611529
VAL  80,R VAL  80,0.0,0.0,0.0,-0.5488980000000009,0.45285686877423,0.008267997411626754,0.009353000000000024,0.04658010008934426,0.0008504323849927418,-0.03801566666666673,0.027762470253123124,0.0005068710403233898,-0.033637944000000225,0.037975128934261825,0.0006933278247154106,-0.6111986106666663,0.5224537991480127,0.009538657701587997
VAL  81,R VAL  81,0.0,0.0,0.0,-0.03265733333333366,0.013339786838209236,0.00024355007211992387,-0.0017463333333333467,0.016904890413394852,0.00030863966038563977,0.01636066666666673,0.0124931148860302,0.00022809202788607742,0.0,0.0,0.0,-0.01804299999999997,0.007208223382591286,0.00013160355153938127
ALA  82,R ALA  82,0.0,0.0,0.0,-0.005271999999999938,0.0023965286005666405,4.37544258078879e-05,-0.0013640000000000078,0.007967486261885476,0.00014546573174157294,0.002952333333333339,0.00699052176561634,0.0001276288819919637,0.0,0.0,0.0,-0.0036836666666666394,0.002617810768986572,4.7794466981796355e-05
HID  83,R HID  83,0.0,0.0,0.0,-0.00191666666666664,0.0007613949186999451,1.3901105738059065e-05,0.017538999999999975,0.00571003318729438,0.00010425046602614176,-0.012682000000000008,0.005568142359291113,0.00010165990578612594,0.0,0.0,0.0,0.002940333333333353,0.0016941388831956845,3.0930602729096203e-05
PRO  84,R PRO  84,0.0,0.0,0.0,-0.0009023333333333367,0.0005165215925356092,9.430350922341505e-06,0.008447333333333265,0.0017540124160210747,3.2023738879962614e-05,-0.009737999999999955,0.0017462405332599063,3.188184436321003e-05,0.0,0.0,0.0,-0.0021930000000000144,0.0010496432727359565,1.916377659370102e-05
GLN  85,R GLN  85,0.0,0.0,0.0,-0.0005636666666666619,0.0004959299905788533,9.054401426112083e-06,0.0022996666666666196,0.006075019881082975,0.0001109141808720499,0.00031233333333333905,0.006368420622275346,0.0001162709210167098,0.0,0.0,0.0,0.0020483333333332324,0.0013028163936470523,2.3786064236267356e-05
HIE  86,R HIE  86,0.0,0.0,0.0,-0.0037330000000000024,0.0019549196914451106,3.5691787103850875e-05,0.017998333333333286,0.007814793485577483,0.00014267795580984034,-0.01632599999999984,0.007977450971332144,0.00014564766161300377,0.0,0.0,0.0,-0.00206066666666678,0.002446968101322364,4.4675320886328185e-05
PRO  87,R PRO  87,0.0,0.0,0.0,-0.0010996666666666735,0.0006290733043312434,1.1485254636884477e-05,0.0032529999999999725,0.0028163198800326165,5.141873091480358e-05,-0.00207,0.003252245378196413,5.937760520600318e-05,0.0,0.0,0.0,8.333333333327352e-05,0.0009796541339790847,1.7885955591117763e-05
LEU  88,R LEU  88,0.0,0.0,0.0,-0.006632666666666658,0.00376674920263558,6.87711168916035e-05,0.0031933333333333423,0.00812292776993349,0.0001483036924192569,0.0026156666666666533,0.007939056695994992,0.00014494668125696305,0.0,0.0,0.0,-0.0008236666666666516,0.0038247317843507016,6.982972915652879e-05
CYS  89,R CYS  89,0.0,0.0,0.0,-0.0018073333333333272,0.0010247989504721176,1.871018340270661e-05,0.004848000000000003,0.005156183601592678,9.413860230768467e-05,-0.0021380000000000045,0.006854362795572872,0.0001251429706819811,0.0,0.0,0.0,0.0009026666666666799,0.002721983263888427,4.969638782610762e-05
ASN  90,R ASN  90,0.0,0.0,0.0,-0.0005800000000000011,0.0004935585071701069,9.01110426085476e-06,0.0005266666666666566,0.00444199154534184,8.109929898769859e-05,0.0017819999999999989,0.004917093585984809,8.977343581359494e-05,0.0,0.0,0.0,0.0017286666666664085,0.001168351355067963,2.1331079742081705e-05
ALA  91,R ALA  91,0.0,0.0,0.0,-0.0005849999999999946,0.0004947474103014446,9.032810562978834e-06,-0.0024146666666666626,0.0027571818140187335,5.033902248936913e-05,0.005290999999999977,0.0028143061311804466,5.1381965059087454e-05,0.0,0.0,0.0,0.0022913333333332954,0.0010323718107134105,1.8848444282006282e-05
SER  92,R SER  92,0.0,0.0,0.0,-0.001021333333333307,0.0007034758149519568,1.2843652416950558e-05,0.0016953333333333334,0.005673198235759275,0.00010357795489746221,0.004914666666666663,0.00565408862879088,0.00010322906280407395,0.0,0.0,0.0,0.005588666666666664,0.0018667632117891038,3.4082277353922865e-05
LEU  93,R LEU  93,0.0,0.0,0.0,-0.00375066666666663,0.00140895926918511,2.5723959144622606e-05,0.003568333333333303,0.010091679603625081,0.00018424801873400835,0.0031443333333333406,0.013485900089434975,0.0002462177229081491,0.0,0.0,0.0,0.002961999999999984,0.004465484968063363,8.152822824028466e-05
HIE  94,R HIE  94,0.0,0.0,0.0,-0.01840133333333347,0.01588215764798833,0.00028996720018854675,0.012789666666666692,0.020054760695544408,0.0003661481606105889,0.005853333333333351,0.020375389294167785,0.00037200201114549866,0.0,0.0,0.0,0.0002416666666667391,0.0134734528074862,0.0002459904676713834
SER  95,R SER  95,0.0,0.0,0.0,-0.04605533333333324,0.02673963858311374,0.00048819677438356247,0.019737000000000022,0.05098367546904973,0.0009308303039640438,-0.0003673333333333712,0.04836253094654522,0.0008829749712488163,-6.899999999999962e-06,0.00014943748686323615,2.728342749729212e-06,-0.026692566666666744,0.03262829883273149,0.0005957085094568838
ILE  96,R ILE  96,0.0,0.0,0.0,-0.9080343333333318,0.598843716246481,0.01093334039361402,0.035521000000000025,0.09994737394749288,0.0018247810424815336,0.009228666666666687,0.056759331493205153,0.0010362788735913948,-0.1282955159999998,0.0889386117154528,0.001623789462324891,-0.9915801826666677,0.6545643855397125,0.01195065597665363
ALA  97,R ALA  97,0.0,0.0,0.0,-0.14858966666666668,0.18975524751607997,0.0034644409823177715,0.022526333333333357,0.042204343850945965,0.0007705423717289185,0.012865999999999966,0.023871015423172392,0.0004358231205941749,-0.01832902559999996,0.030305148297467624,0.0005532937777020765,-0.1315263589333334,0.18885363258808924,0.0034479798211763074
SER  98,R SER  98,0.0,0.0,0.0,-0.025671666666666756,0.020753727309141757,0.00037890948665093106,-0.031063333333333384,0.019389859606390926,0.00035400878310928505,0.03841333333333348,0.02118514783731467,0.00038678611181930096,0.0,0.0,0.0,-0.01832166666666664,0.02402501884610199,0.0004386348255498932
LEU  99,R LEU  99,0.0,0.0,0.0,-0.2433399999999999,0.23717818561860504,0.004330261413715245,-0.10196766666666648,0.06310898473716399,0.001152207150726465,0.0769336666666669,0.03740619289042219,0.0006829405212157868,-0.007381631999999967,0.010916673058807638,0.00019931026957392879,-0.2757556320000001,0.2707025606135572,0.0049423299607484926
ALA 100,R ALA 100,0.0,0.0,0.0,-0.09318266666666664,0.09754382587443555,0.0017808984592261477,-0.04884633333333329,0.032194078956989725,0.0005877807754281888,0.07276700000000001,0.036558711378639315,0.0006674676965133848,-0.002781482400000001,0.007506875049463018,0.00013705616003212016,-0.07204348240000007,0.09916234161127208,0.001810448378517563
ASN 101,R ASN 101,0.0,0.0,0.0,-0.00951099999999999,0.00615222553227685,0.0001123237567629086,-0.0194703333333333,0.020855929290145854,0.00038077543099818633,0.03634300000000006,0.02222780580714135,0.00040582235481385475,0.0,0.0,0.0,0.00736166666666662,0.005292718005796883,9.663136807629037e-05
TYR 102,R TYR 102,0.0,0.0,0.0,-0.010978999999999966,0.005831742935578181,0.00010647257184625222,0.002433333333333355,0.010343897825395512,0.00018885287238325853,0.007183666666666677,0.011342307226584138,0.00020708125073846639,0.0,0.0,0.0,-0.0013619999999999793,0.004355719152256442,7.952418779493774e-05
ARG 103,R ARG 103,0.0,0.0,0.0,-0.0064036666666666174,0.0021539235259302706,3.932508340976909e-05,0.1509286666666666,0.041374890673237776,0.0007553986978680813,-0.12957466666666692,0.03966663280670759,0.0007242103189502735,0.0,0.0,0.0,0.014950333333333125,0.005771181267488924,0.0001053668721218313
GLN 104,R GLN 104,0.0,0.0,0.0,-0.12248366666666677,0.045361765102586216,0.0008281887331645705,0.3419170000000005,0.069144144926851,0.0012623935965280896,-0.24100333333333357,0.055833932235591306,0.0010193834719882736,-0.008944989599999979,0.012006889346553194,0.00021921480468585492,-0.030514989600000018,0.03874549624626999,0.0007073927431937937
ILE 105,R ILE 105,0.0,0.0,0.0,-0.02029766666666665,0.004182391009405253,7.635966333860195e-05,-0.07681266666666657,0.022277452866569163,0.0004067287819592685,0.08495200000000021,0.026687956634655216,0.00048725319541734403,0.0,0.0,0.0,-0.012158333333333325,0.009205682876474984,0.00016807200562281307
SER 106,R SER 106,0.0,0.0,0.0,-0.034931333333333696,0.010944159091597058,0.0001998120935797652,0.10399833333333339,0.08584082748837482,0.0015672319190097473,-0.06210366666666669,0.07956924187914692,0.001452728955359784,-0.00034892640000000014,0.002045014432424143,3.7336684502077574e-05,0.006614406933333345,0.01630366486964551,0.0002976628339703123
LEU 107,R LEU 107,0.0,0.0,0.0,-0.11148199999999993,0.051751505704342636,0.000944848901970858,0.03514366666666669,0.04159322492773175,0.0007593849177434953,-0.00041966666666667154,0.05046347405026941,0.0009213327689136381,-0.008406091199999959,0.014354161542220521,0.0002620699356915774,-0.08516409119999997,0.05254411359217754,0.0009593198759516481
GLY 108,R GLY 108,0.0,0.0,0.0,-0.0060956666666666945,0.00249128773038245,4.548448290554387e-05,-0.030889000000000163,0.018643515736040426,0.0003403824706610624,0.04649133333333372,0.02093160110667218,0.0003821570030274817,0.0,0.0,0.0,0.009506666666666604,0.004664042119116184,8.515336925980436e-05
SER 109,R SER 109,0.0,0.0,0.0,-0.00355633333333331,0.0010383447832437104,1.8957495341679747e-05,0.0067716666666666515,0.0149366059472098,0.00027270386699508755,0.0033286666666666443,0.015384190311990991,0.00028087560209433016,0.0,0.0,0.0,0.006543999999999946,0.003749408486681615,6.845452018189428e-05
ARG 110,R ARG 110,0.0,0.0,0.0,-0.0029550000000000414,0.001773031772604835,3.237098323430127e-05,0.33230633333333315,0.06441308221074712,0.0011760166041753645,-0.32080866666666635,0.061215265456323054,0.001117632725136497,0.0,0.0,0.0,0.00854266666666634,0.004313024409339644,7.87446920021906e-05
SER 111,R SER 111,0.0,0.0,0.0,-0.0011726666666666433,0.0006528293974862325,1.1918979573523864e-05,-0.0012663333333333131,0.012948284309342103,0.00023640224657389566,0.007828666666666652,0.013398357295662196,0.00024461941747826995,0.0,0.0,0.0,0.005389666666666655,0.002471131971834353,4.5116490784863196e-05
GLY 112,R GLY 112,0.0,0.0,0.0,-0.0011379999999999587,0.0005363046397960499,9.791538297032645e-06,-0.007283333333333343,0.01268336399470682,0.0002315654854983253,0.014574999999999984,0.013108764561671047,0.00023933220171505178,0.0,0.0,0.0,0.00615366666666664,0.0018344989930646895,3.349321600740145e-05
GLN 113,R GLN 113,0.0,0.0,0.0,-0.005083999999999983,0.0015378374426446959,2.80769419037519e-05,-0.006451999999999974,0.026379961384859162,0.0004816299972200861,0.038225999999999975,0.02723396636555174,0.000497221923624989,0.0,0.0,0.0,0.02669000000000001,0.007097128527322966,0.0001295752462642736
HID 114,R HID 114,0.0,0.0,0.0,-0.03137800000000027,0.009870213574182333,0.00018020462073244512,0.029063333333333215,0.051886292238145997,0.0009473097561379258,0.0214506666666667,0.04731618010316923,0.0008638713059160968,0.0,0.0,0.0,0.019135999999999907,0.01742628772860129,0.00031815902941767965
SER 115,R SER 115,0.0,0.0,0.0,-0.05227866666666684,0.01080541584371046,0.0001972790000274645,-0.1371656666666666,0.05417793727975336,0.0009891492789073663,0.16808933333333367,0.05814112732156256,0.0010615068984266578,0.0,0.0,0.0,-0.021354999999999957,0.04004663500220709,0.0007311481780961591
ASN 116,R ASN 116,0.0,0.0,0.0,-0.2634460000000001,0.1490810352928906,0.0027218348642046655,-0.15232266666666655,0.20271779535326653,0.003701103644090001,0.40749233333333323,0.30244070042663923,0.005521786464377754,-0.017262357599999997,0.03728140566405894,0.0006806622285901983,-0.025538690933332938,0.1400375008465358,0.0025567232703432147
LEU 117,R LEU 117,0.0,0.0,0.0,-2.566803999999999,0.4173039135338507,0.007618892225922514,-1.1389896666666672,0.4006611122797186,0.007315037637023733,2.1542846666666624,0.41471860777108094,0.007571691216445277,-0.33289668240000037,0.0443222199256507,0.0008092093217327945,-1.8844056824000002,0.4606873365051893,0.008410961538695512
LEU 118,R LEU 118,0.0,0.0,0.0,-0.8314259999999969,0.2983644424592247,0.005447364516412318,-0.1553863333333337,0.12393437946438458,0.002262721842768282,0.24514799999999964,0.11972474860835254,0.002185864850147664,-0.08525218320000012,0.03631279952359325,0.0006629779808411624,-0.8269165165333332,0.3322466520746046,0.006065966199894384
ARG 119,R ARG 119,0.0,0.0,0.0,-0.9534973333333351,1.172692649699639,0.02141034057536654,-0.7056476666666665,0.8744579682263515,0.015965345159590284,1.3528513333333314,1.4583356129157086,0.026625443720235193,-0.12832079280000028,0.17739556373217732,0.003238785061915295,-0.4346144594666669,0.7729763857376045,0.014112553429576685
PRO 120,R PRO 120,0.0,0.0,0.0,-0.19428766666666664,0.18327668768255806,0.0033461592036188757,0.1302086666666668,0.12181861841096248,0.002224093507593276,-0.05322866666666666,0.06952120811825863,0.001269277797046051,-0.008563802400000011,0.013840743419894571,0.0002526962461239151,-0.1258714690666668,0.13053406842006293,0.0023832151265530403
VAL 121,R VAL 121,0.0,0.0,0.0,-0.6936333333333315,0.32617501777760916,0.00595511383104817,-0.017318999999999973,0.04722981303160108,0.0008622944661386455,0.040164000000000144,0.04081758326995844,0.0007452237033267239,-0.16306525200000016,0.05469840301192375,0.0009986516396379719,-0.833853585333333,0.35033874893207184,0.006396281185274489
SER 122,R SER 122,0.0,0.0,0.0,-0.036512000000000495,0.009959176137276303,0.00018182884748511326,0.004214666666666697,0.03337431025338044,0.0006093287522317474,0.019234333333333305,0.02658574971462891,0.00048538716089629286,0.0,0.0,0.0,-0.013062999999999993,0.013080177024796007,0.0002388102670880528
ASP 123,R ASP 123,0.0,0.0,0.0,-0.006669333333333376,0.0018622547862435963,3.3999965141585966e-05,0.04193166666666669,0.06490099894369025,0.0011849247042026035,-0.021685999999999997,0.06353364518636334,0.001159960354303357,0.0,0.0,0.0,0.013576333333333385,0.00605729641745295,0.000110590596177807
LYS 124,R LYS 124,0.0,0.0,0.0,-0.00476333333333329,0.0009929697321112536,1.8129064039906514e-05,0.012680999999999987,0.03971735018435476,0.0007251362873434356,-0.000717666666666702,0.04101703655664181,0.0007488652054695581,0.0,0.0,0.0,0.007199999999999939,0.004013145067566472,7.326966933489168e-05
VAL 125,R VAL 125,0.0,0.0,0.0,-0.008846999999999994,0.0017866890234921272,3.262032938045052e-05,0.03351799999999983,0.0069078947106441324,0.00012612032526301378,-0.021841000000000256,0.006349676028479656,0.0001159286931216041,0.0,0.0,0.0,0.0028299999999999675,0.002444265397483173,4.4625976491028825e-05
LEU 126,R LEU 126,0.0,0.0,0.0,-0.004004999999999929,0.0006794421731592409,1.2404860158654912e-05,-0.03896033333333328,0.007553945540062229,0.0001379155456819209,0.037442000000000475,0.007331982633182695,0.0001338630759810096,0.0,0.0,0.0,-0.005523333333333332,0.002253321005883413,4.1139824807419216e-05
PHE 127,R PHE 127,0.0,0.0,0.0,-0.008221333333333363,0.002452416132896013,4.477478787922445e-05,0.04117700000000052,0.008997203509978319,0.00016426571056265938,-0.03424133333333374,0.0090327049227893,0.00016491387471665532,0.0,0.0,0.0,-0.0012856666666666732,0.003953993073112595,7.218970661209807e-05
VAL 128,R VAL 128,0.0,0.0,0.0,-0.006042999999999966,0.0014032644084419755,2.5619985688260427e-05,-0.03302099999999986,0.015385855809802021,0.00028090600978501604,0.03668466666666716,0.01572890857271554,0.00028716926767375625,0.0,0.0,0.0,-0.002379333333333344,0.0032447043351008244,5.9239925225650767e-05
GLU 129,R GLU 129,0.0,0.0,0.0,-0.004455666666666625,0.0009479985349265846,1.730800606870465e-05,-0.43612300000000037,0.06118917554872089,0.0011171563907725992,0.44434666666666567,0.061346104105226534,0.0011200215011164282,0.0,0.0,0.0,0.0037680000000001003,0.004135800124119497,7.55090340437638e-05
ASN 130,R ASN 130,0.0,0.0,0.0,-0.006904333333333294,0.0014696420955080567,2.6831870905630813e-05,-0.002838333333333357,0.026445368792201582,0.0004828241676343985,0.0045263333333333345,0.027254919553887532,0.0004976044747550946,0.0,0.0,0.0,-0.005216333333333206,0.005862212314666068,0.00010702886405423927
PHE 131,R PHE 131,0.0,0.0,0.0,-0.3291199999999993,0.16460232359639876,0.0030052135217170824,0.038072333333333236,0.07181492719406517,0.0013111551863260226,0.0445613333333334,0.051766613161595074,0.0009451247251416482,-0.0482294952,0.01716115566159519,0.0003133184022904393,-0.2947158285333336,0.18146539272231862,0.0033130896333515903
ASP 132,R ASP 132,0.0,0.0,0.0,-0.003655666666666641,0.000760548851524791,1.3885658735492511e-05,-0.4031913333333331,0.052653199252802464,0.0009613114985191355,0.40869433333333266,0.05622991701833424,0.0010266131319195098,0.0,0.0,0.0,0.001847333333333329,0.007705238016368258,0.00014067775575037517
ASP 133,R ASP 133,0.0,0.0,0.0,-0.0024713333333333397,0.0005494041216526725,1.0030701020516039e-05,-0.35226566666666675,0.030381799725414608,0.000554693234907128,0.35535566666666696,0.03035847769384948,0.0005542674348146258,0.0,0.0,0.0,0.0006186666666664541,0.003147896369888187,5.7472461682546205e-05
MET 134,R MET 134,0.0,0.0,0.0,-0.05239499999999976,0.020841680394504448,0.0003805152829461085,0.04669466666666665,0.0512113539320683,0.000934987124965823,-0.03293333333333342,0.0646803748357173,0.0011808966775137288,-0.0006361680000000022,0.002314864072643576,4.226344233817213e-05,-0.03926983466666688,0.023011899524340892,0.00042013788201746363
LEU 135,R LEU 135,0.0,0.0,0.0,-0.013863333333333294,0.003138787805648802,5.7306162812533004e-05,0.030930999999999917,0.0061803645253878095,0.00011283750213865377,-0.02769400000000028,0.007240144842011568,0.00013218635498581376,0.0,0.0,0.0,-0.01062633333333335,0.004697166509952777,8.575813512863167e-05
ARG 136,R ARG 136,0.0,0.0,0.0,-0.001816333333333334,0.0005032559543169277,9.188154612605688e-06,0.31374600000000047,0.036436888140085916,0.0006652435186539171,-0.30087499999999967,0.03563130704404023,0.0006505356873804519,0.0,0.0,0.0,0.01105466666666655,0.002542638699373833,4.642201904108817e-05
LEU 137,R LEU 137,0.0,0.0,0.0,-0.002346999999999998,0.000566795965640753,1.034823119614545e-05,0.03160966666666677,0.0041409306388244345,7.560270399828068e-05,-0.024323666666667045,0.0040279324583284625,7.353964891779121e-05,0.0,0.0,0.0,0.004939000000000147,0.00200597748408775,3.6623970596077365e-05
VAL 138,R VAL 138,0.0,0.0,0.0,-0.006840333333333289,0.0019861621003556835,3.626219284088824e-05,0.03417433333333311,0.006129867417453722,0.00011191555530184468,-0.02452966666666697,0.005981453548722772,0.00010920590117682629,0.0,0.0,0.0,0.002804333333333232,0.0030554947044444227,5.578544579872636e-05
GLU 139,R GLU 139,0.0,0.0,0.0,-0.001535999999999999,0.0005272924552213104,9.626999070899812e-06,-0.22820266666666672,0.048396063127303296,0.0008835871823089342,0.2280653333333328,0.047270692804551526,0.0008630408252650005,0.0,0.0,0.0,-0.0016733333333335595,0.0029051601600522912,5.304072509419862e-05
ALA 140,R ALA 140,0.0,0.0,0.0,-0.0005226666666666622,0.0004994859579830108,9.119324211479087e-06,0.012016000000000039,0.002306746048729401,4.211522817750013e-05,-0.008896333333333336,0.00232556514039546,4.2458816211408735e-05,0.0,0.0,0.0,0.0025969999999999886,0.0010929734671986002,1.9954874091310202e-05
GLY 141,R GLY 141,0.0,0.0,0.0,-0.0006173333333333298,0.0004867232843778185,8.886310737224433e-06,0.013084999999999963,0.002947390088422909,5.381173457321244e-05,-0.0069866666666667035,0.0027800159871640764,5.0755915546491896e-05,0.0,0.0,0.0,0.005480999999999997,0.0013736711154178401,2.5079688550254453e-05
VAL 142,R VAL 142,0.0,0.0,0.0,-0.0014473333333333087,0.0005025530375548365,9.175321167050827e-06,0.014714666666666635,0.004022509774865745,7.344064471596653e-05,-0.007466000000000022,0.003623650645412686,6.61585066336894e-05,0.0,0.0,0.0,0.005801333333333318,0.001655857750197571,3.0231688060098798e-05
GLY 143,R GLY 143,0.0,0.0,0.0,-0.00280399999999999,0.0010014576043615503,1.8284030676463502e-05,-0.0030373333333333303,0.008494386747860173,0.00015508557446586549,0.009673333333333322,0.007129840266248645,0.00013017247817443406,0.0,0.0,0.0,0.003831999999999994,0.0043795482263204715,7.995924517458209e-05
TRP 144,R TRP 144,0.0,0.0,0.0,-0.41713000000000056,0.3048927414135448,0.0055665544030596,0.007043666666666681,0.08104571812597855,0.0014796856002267922,0.11769499999999973,0.0636218251991149,0.0011615702937068611,-0.04656716160000002,0.03826435768824407,0.0006986083951432502,-0.338958494933333,0.23629466883809305,0.004314130678027887
GLY 145,R GLY 145,0.0,0.0,0.0,-0.05775499999999966,0.02436455707922318,0.00044483391719709063,0.15943333333333323,0.048572744986829064,0.0008868129369744083,-0.1526839999999999,0.04379796202260352,0.0007996377257511512,0.0,0.0,0.0,-0.05100566666666666,0.024932568417411028,0.00045520433795856333
ILE 146,R ILE 146,0.0,0.0,0.0,-2.24716733333333,0.5580426668271622,0.01018841855571922,-0.2657533333333338,0.18547512633474178,0.0033862970183219515,0.43082466666666747,0.2527173848225633,0.004613967078034387,-0.3012294240000007,0.0442089016908912,0.0008071404232876463,-2.383325424000006,0.5406501860267454,0.009870876753540427
ALA 147,R ALA 147,0.0,0.0,0.0,-0.48819966666666575,0.16278630306803338,0.002972057674774477,0.19985299999999961,0.14578783919678182,0.0026617096046004413,-0.09897066666666667,0.06320673861402903,0.0011539918841745507,-0.008581718399999985,0.007623888887337098,0.00013919253065024966,-0.39589905173333273,0.15991739078425515,0.002919678742330177
PRO 148,R PRO 148,0.0,0.0,0.0,-0.5996143333333339,0.1788767199159495,0.0032658271503499714,0.21698333333333245,0.08481239132475042,0.001548455329484042,-0.15297466666666665,0.047645447752702685,0.0008698828832196361,-0.04503075360000007,0.01579311869364135,0.0002883415787287963,-0.5806364202666665,0.18762385614778598,0.003425527277941557
HIE 149,R HIE 149,0.0,0.0,0.0,-0.036819000000000296,0.010048461192307189,0.00018345896210806347,-0.004880000000000002,0.04299249081719569,0.0007849319007970597,0.031459333333333436,0.042997763657608934,0.0007850281692516083,0.0,0.0,0.0,-0.010239666666666744,0.012958403703989024,0.00023658700059777619
TYR 150,R TYR 150,0.0,0.0,0.0,-0.019876666666666716,0.005211921164236955,9.515622631970559e-05,0.09688266666666677,0.02285221140769893,0.00041722238922911966,-0.07570866666666672,0.022184945155567397,0.0004050398299573073,0.0,0.0,0.0,0.0012973333333333888,0.006777137514385383,0.0001237330363981122
PHE 151,R PHE 151,0.0,0.0,0.0,-0.024778333333333544,0.007352269301982599,0.00013423345818495437,0.05594566666666671,0.016412821651243876,0.00029965575502318196,-0.019230000000000056,0.01802567890538353,0.000329102365027453,0.0,0.0,0.0,0.011937333333333314,0.005795004131913037,0.00010580181612948046
VAL 152,R VAL 152,0.0,0.0,0.0,-0.016680000000000077,0.003545363168985581,6.472917940671343e-05,0.02895966666666663,0.01187192935270245,0.00021675078358609457,-0.01654066666666682,0.012083529267376544,0.00022061405180053353,0.0,0.0,0.0,-0.004260999999999921,0.005094265959553482,9.300814599927142e-05
GLU 153,R GLU 153,0.0,0.0,0.0,-0.0031686666666666577,0.000692015092963266,1.2634409218333845e-05,-0.192841,0.075108266648884,0.0013712830632902238,0.20080833333333326,0.07458762361962114,0.0013617774655723875,0.0,0.0,0.0,0.004798666666666736,0.0035515440147756983,6.48420256955037e-05
GLU 154,R GLU 154,0.0,0.0,0.0,-0.001241999999999995,0.0004590962135907768,8.381911741629275e-06,-0.18719266666666629,0.05296397089426801,0.0009669853864612552,0.19069533333333358,0.053236038966932166,0.0009719526471470922,0.0,0.0,0.0,0.0022606666666668217,0.0020704394595242883,3.78008798643419e-05
ARG 155,R ARG 155,0.0,0.0,0.0,-0.0029880000000000024,0.0006955975848148087,1.2699816271639457e-05,0.3589773333333338,0.06085630194336272,0.0011110789780241746,-0.33169266666666536,0.05961412203683612,0.0010883999795146988,0.0,0.0,0.0,0.024296666666667504,0.005397529270159544,9.854495120202593e-05
LEU 156,R LEU 156,0.0,0.0,0.0,-0.0031390000000000007,0.001123244853092996,2.050755145468701e-05,0.013145333333333302,0.005322112195568875,9.716803010288063e-05,-0.009956666666666652,0.0054715740168822975,9.98968171368529e-05,0.0,0.0,0.0,4.966666666665298e-05,0.0017352809250633819,3.168175020885487e-05
ARG 157,R ARG 157,0.0,0.0,0.0,-0.0008389999999999927,0.00039884708849380275,7.281918245443831e-06,0.17421066666666646,0.054839313327413,0.0010012242982505928,-0.1695833333333332,0.05444401150621363,0.000994007107434134,0.0,0.0,0.0,0.003788333333333137,0.0016725820026404368,3.0537029737444416e-05
ASN 158,R ASN 158,0.0,0.0,0.0,-0.00041333333333333646,0.0004924316083365172,8.99052999714865e-06,0.017004999999999968,0.00709964611794107,0.00012962121097001024,-0.01329633333333322,0.007066955017702161,0.00012902435586899312,0.0,0.0,0.0,0.003295333333333308,0.0012000464805814765,2.1909750915638663e-05
GLY 159,R GLY 159,0.0,0.0,0.0,-0.00028599999999999877,0.0004518893669915246,8.250333326599614e-06,0.006527333333333334,0.002543210481960821,4.643245831511756e-05,-0.0028983333333333205,0.0025425703311588205,4.642077081396887e-05,0.0,0.0,0.0,0.0033430000000000152,0.0011138601049203798,2.0336210178998768e-05
THR 160,R THR 160,0.0,0.0,0.0,-0.0007909999999999979,0.000421883475223474,7.702503200618952e-06,0.0021736666666666775,0.0036519638400302644,6.667543247925879e-05,0.003554999999999998,0.003799251022679767,6.936451622487599e-05,0.0,0.0,0.0,0.004937666666666656,0.0018135916176349424,3.3111501302698065e-05
LEU 161,R LEU 161,0.0,0.0,0.0,-0.0040126666666666705,0.0009888577023793672,1.8053988991863646e-05,0.009521666666666656,0.005718758363685454,0.00010440976522372852,0.0021466666666666596,0.0064323004352167075,0.00011743720150061626,0.0,0.0,0.0,0.007655666666666628,0.0025349098384140597,4.628090999137187e-05
ALA 162,R ALA 162,0.0,0.0,0.0,-0.0028720000000000048,0.0011367861129812037,2.0754779904614053e-05,-0.0135803333333333,0.008043810035604377,0.00014685920682623168,0.014642333333333516,0.00815207997316525,0.00014883593639629052,0.0,0.0,0.0,-0.001809999999999993,0.002805928248072906,5.1229006540349405e-05
VAL 163,R VAL 163,0.0,0.0,0.0,-0.011158333333333312,0.004439887073138148,8.106087675777844e-05,0.001848666666666705,0.013967668555950526,0.0002550135714616571,0.022254000000000124,0.013191947695468957,0.00024085091100788797,0.0,0.0,0.0,0.012944333333333374,0.008699304640155017,0.00015882684620074217
LEU 164,R LEU 164,0.0,0.0,0.0,-0.036519666666666985,0.02857208917613293,0.0005216525918939068,0.013247333333333349,0.03580142678100354,0.0006536416346275067,0.014354666666666595,0.024996870701927902,0.00045637833168286353,0.0,0.0,0.0,-0.00891766666666673,0.042001478798040046,0.0007668385795420501
SER 165,R SER 165,0.0,0.0,0.0,-0.07661500000000021,0.05017145378599232,0.0009160012327138654,-0.0031590000000000025,0.0205580410626433,0.0003753367609375737,0.01252166666666667,0.02712551438324367,0.0004952418703877796,0.0,0.0,0.0,-0.06725233333333337,0.04564226836192813,0.0008333099985844135
GLU 166,R GLU 166,0.0,0.0,0.0,-0.011404333333333272,0.004845979215344807,8.847507098151786e-05,0.19089333333333297,0.11700138441726131,0.0021361432501555816,-0.16833200000000018,0.11708891682250082,0.0021377413659176606,0.0,0.0,0.0,0.011156999999999945,0.008058929891741453,0.00014713525636864865
LEU 167,R LEU 167,0.0,0.0,0.0,-0.014555333333333462,0.0084465143632677,0.00015421154830177013,0.007370666666666692,0.012969037726661034,0.00023678115040092555,0.005930666666666665,0.01448812822815827,0.0002645158215529879,0.0,0.0,0.0,-0.001254000000000001,0.013378620407201983,0.00024425907284411586
TYR 168,R TYR 168,0.0,0.0,0.0,-0.8586136666666666,0.2947323018377137,0.0053810510047312375,0.1167086666666666,0.6142998929335916,0.011215530281091216,0.3911613333333343,0.5185689571357778,0.009467730514839835,-0.15566975280000003,0.07240116821251784,0.0013218584339907335,-0.5064134194666665,0.25946647235579706,0.004737187994185355
GLU 169,R GLU 169,0.0,0.0,0.0,-0.060208333333333135,0.016320118378519825,0.00029796323256899807,0.9994130000000016,0.4186611905001385,0.0076436725996297805,-0.9032169999999965,0.38697275258645486,0.007065123524382231,-9.554399999999927e-06,0.00015769513423260513,2.879106074266765e-06,0.03597811226666637,0.0394324767803862,0.0007199352343638736
PRO 170,R PRO 170,0.0,0.0,0.0,-0.007529999999999966,0.0018546607955815119,3.386131847534906e-05,0.041003666666667056,0.018596531573266756,0.00033952466113450794,-0.03634600000000038,0.019212173675388765,0.0003507646966905787,0.0,0.0,0.0,-0.0028723333333333305,0.005579130866203277,0.00010186052755642906
GLY 171,R GLY 171,0.0,0.0,0.0,-0.005068000000000075,0.001444544680282334,2.637365689049075e-05,-0.01663599999999982,0.013158096518873943,0.00024023287590724864,0.029419666666667035,0.01438752514815741,0.00026267906901062234,0.0,0.0,0.0,0.0077156666666666944,0.0050933441426587725,9.299131600236734e-05
GLY 172,R GLY 172,0.0,0.0,0.0,-0.024098000000000095,0.0068469260255962896,0.0001250071944596094,0.02976699999999999,0.0473494390427877,0.0008644785282983547,0.010576666666666661,0.04642501612516911,0.0008476009521432067,0.0,0.0,0.0,0.01624566666666664,0.019394483267728996,0.00035409319922972255
ILE 173,R ILE 173,0.0,0.0,0.0,-1.2466376666666674,0.3804919934083928,0.006946801591329457,-0.5949343333333333,0.13105605424609726,0.0023927452402736056,0.5602320000000006,0.09987667149706926,0.00182349019824927,-0.15978568559999967,0.04782940942348614,0.0008732415484464507,-1.4411256856000005,0.4132200220006939,0.0075443309087520356
ASP 174,R ASP 174,0.0,0.0,0.0,-0.18690500000000004,0.08120021331047476,0.0014825062834792756,1.416080333333333,0.5540528980881616,0.010115575677799901,-1.196731000000001,0.4266380159327055,0.0077893088405197085,-0.0059481864000000065,0.008467498003626278,0.00015459465540720245,0.02649614693333322,0.11576660852124467,0.002113599429765183
THR 175,R THR 175,0.0,0.0,0.0,-0.9232109999999984,0.5002761588819405,0.00913375124005591,-2.992588666666664,0.7505891011764728,0.013703819404396052,1.3096806666666683,0.34475924066835534,0.006294413767413689,-0.10651566719999998,0.0314455773591487,0.0005741150684459824,-2.7126346671999992,0.5387917179965632,0.009836945924789328
LYS 176,R LYS 176,0.0,0.0,0.0,-0.08027333333333309,0.02103368620940257,0.00038402081347917063,-0.8123800000000005,0.18190240496852958,0.003321068348856782,0.9167046666666698,0.19667309452884313,0.0035907430109264416,-0.00010815120000000008,0.0008481522751125314,1.5485071109282032e-05,0.023943182133333348,0.018954087637249345,0.00034605271186170875
VAL 177,R VAL 177,0.0,0.0,0.0,-0.025374666666666816,0.00486576046357357,8.883622551053462e-05,0.046425333333333346,0.01285038617664402,0.0002346148793866832,-0.03821100000000044,0.012559796136878784,0.00022930945539449175,0.0,0.0,0.0,-0.017160333333333323,0.006442615402320911,0.0001176255261727128
TYR 178,R TYR 178,0.0,0.0,0.0,-0.019821333333333163,0.004601529987105295,8.40120590991342e-05,-0.039134333333333375,0.030703055568171402,0.0005605585373007357,0.04548500000000005,0.03362965618319625,0.0006139907097559891,0.0,0.0,0.0,-0.013470666666666797,0.008327132733153378,0.00015203194790959173
CYS 179,R CYS 179,0.0,0.0,0.0,-0.0013553333333333212,0.0004800050925656045,8.763653897184564e-06,0.009373999999999962,0.00528760727235553,9.653805927658287e-05,-0.004209333333333329,0.005081093670548599,9.276765400520636e-05,0.0,0.0,0.0,0.0038093333333333217,0.0018721590625680473,3.4180791660208174e-05
TYR 180,R TYR 180,0.0,0.0,0.0,-0.003313000000000013,0.0005890933712071111,1.0755324262896636e-05,0.0023083333333333927,0.007367400981500984,0.000134509723591793,-0.004414000000000001,0.0070185898868647505,0.00012814133343044853,0.0,0.0,0.0,-0.005418666666666624,0.002458600866798461,4.4887705154909045e-05
TYR 181,R TYR 181,0.0,0.0,0.0,-0.00048033333333333077,0.0004996130725093323,9.121644994594182e-06,0.0032136666666666815,0.002625772246195092,4.793982300373534e-05,-0.003800333333333332,0.0027344347171257715,4.992371921983477e-05,0.0,0.0,0.0,-0.0010670000000000126,0.0008891068552204772,1.623279602122451e-05
ASN 182,R ASN 182,0.0,0.0,0.0,-0.0001413333333333294,0.000348365070324531,6.360246908787305e-06,0.00692100000000012,0.002304074434561767,4.2066451399348015e-05,-0.006809000000000026,0.002279587462678114,4.161938250382563e-05,0.0,0.0,0.0,-2.933333333303049e-05,0.0006893036744103346,1.2584905714857892e-05
THR 183,R THR 183,0.0,0.0,0.0,-8.966666666666479e-05,0.00028570361488009226,5.2162104876865055e-06,0.0007069999999999379,0.0020377645431533995,3.7204320238977546e-05,-0.000821999999999998,0.0020308412050182513,3.7077917956649e-05,0.0,0.0,0.0,-0.00020466666666679335,0.0006573519267147937,1.2001549282705844e-05
ALA 184,R ALA 184,0.0,0.0,0.0,-3.900000000000022e-05,0.0001935949379503514,3.5345438178073467e-06,0.002121666666666663,0.0010934031989873008,1.9962719884455147e-05,-0.0020826666666666606,0.0010726134231658156,1.958315224502505e-05,0.0,0.0,0.0,-4.144832625267251e-17,0.000609918027279075,1.1135528725660021e-05
LEU 185,R LEU 185,0.0,0.0,0.0,-0.00010866666666666639,0.00031122053631182743,5.682083603228118e-06,0.0019316666666666352,0.0012048501520475,2.1997453556331496e-05,-0.001734000000000016,0.0012115736323750962,2.2120206951010387e-05,0.0,0.0,0.0,8.899999999996607e-05,0.0006395928392344354,1.1677314188915851e-05
GLU 186,R GLU 186,0.0,0.0,0.0,-0.0001073333333333327,0.0003095365711654886,5.651338746671375e-06,0.02091066666666659,0.027993678206973058,0.0005110923007166638,-0.020956333333333386,0.02784719782232241,0.000508417947019824,0.0,0.0,0.0,-0.0001530000000000745,0.0006944477422142215,1.2678823113975389e-05
SER 187,R SER 187,0.0,0.0,0.0,-3.366666666666653e-05,0.00018036968210378914,3.2930847859427058e-06,0.0007079999999999832,0.0014355263842925562,2.6209006085695427e-05,-0.0007219999999999883,0.0014431618065899685,2.6348409186641113e-05,0.0,0.0,0.0,-4.766666666666271e-05,0.0006072296838008935,1.1086446513482625e-05
GLU 188,R GLU 188,0.0,0.0,0.0,-4.8000000000000265e-05,0.00021376622745419927,3.9028194936481695e-06,-0.02007099999999999,0.017415451731149483,0.00031796119207643225,0.020034333333333394,0.01733093057384837,0.00031641805392842347,0.0,0.0,0.0,-8.466666666661856e-05,0.0006283562330043906,1.1472162765515895e-05
ARG 189,R ARG 189,0.0,0.0,0.0,-4.833333333333352e-05,0.0002144696300696734,3.9156618096316125e-06,-0.0010570000000000826,0.015909989032051382,0.00029047532941714417,0.0011083333333333156,0.015865663045989926,0.00028966605133549353,0.0,0.0,0.0,2.99999999949326e-06,0.0006379584625979098,1.16474746905397e-05
SER 190,R SER 190,0.0,0.0,0.0,-4.200000000000074e-05,0.00020058913230781316,3.662239751845919e-06,-0.0017386666666666742,0.001612773456571694,2.9445080076996503e-05,0.0018883333333333278,0.0015962029598045888,2.914254558138284e-05,0.0,0.0,0.0,0.0001076666666666846,0.0006165018698719076,1.1255732695765278e-05
PHE 191,R PHE 191,0.0,0.0,0.0,-0.00022166666666667393,0.00041536797608333784,7.583547005537015e-06,-0.0013299999999999887,0.0014195421797185122,2.591717577206272e-05,0.0013369999999999897,0.0014071594318579264,2.5691098761158e-05,0.0,0.0,0.0,-0.0002146666666666627,0.0007297841385566725,1.3323974493232171e-05
LEU 192,R LEU 192,0.0,0.0,0.0,-0.0001066666666666645,0.00030868898407439955,5.635863994363387e-06,0.00019933333333334603,0.0014971972333515326,2.7334956591365347e-05,-0.0004099999999999935,0.0015110371713936634,2.758763813337031e-05,0.0,0.0,0.0,-0.0003173333333333098,0.0006663079034667181,1.2165062299089872e-05
ARG 193,R ARG 193,0.0,0.0,0.0,-8.03333333333337e-05,0.00027180855190536143,4.9625225067126745e-06,0.02159300000000055,0.016022776007920545,0.0002925345284463552,-0.02136366666666663,0.015946412759266226,0.000291140332651277,0.0,0.0,0.0,0.00014899999999997248,0.0006543182202368542,1.1946161633678612e-05
PHE 194,R PHE 194,0.0,0.0,0.0,-0.0003533333333333342,0.00047800511387315856,8.727139449038486e-06,0.0011016666666666464,0.001831574155989549,3.343981603263206e-05,-0.0007190000000000009,0.0018920990988846205,3.4544845249810146e-05,0.0,0.0,0.0,2.9333333333320092e-05,0.0007986277119047241,1.4580880428631816e-05
LEU 195,R LEU 195,0.0,0.0,0.0,-0.00036833333333333553,0.0004823524529728153,8.806510638705358e-06,-0.001977333333333373,0.0026448981496878135,4.8289012629589694e-05,0.0023523333333333248,0.0026831935988461653,4.898818867471708e-05,0.0,0.0,0.0,6.6666666666028715e-06,0.0008370317928384058,1.5282039809552868e-05
GLU 196,R GLU 196,0.0,0.0,0.0,-0.00019166666666666995,0.0003936121892873251,7.186342499388709e-06,0.030535333333333328,0.027516227058874587,0.0005023752752526548,-0.030419333333333295,0.027305191683796772,0.0004985223140739321,0.0,0.0,0.0,-7.566666666668928e-05,0.0008045337504141948,1.4688709445869526e-05
SER 197,R SER 197,0.0,0.0,0.0,-0.00014200000000000185,0.0003490501396647804,6.372754506490964e-06,0.0014413333333333609,0.003090289882123591,5.642071592230238e-05,-0.0004673333333333369,0.003184587815645166,5.814235276616536e-05,0.0,0.0,0.0,0.0008320000000000395,0.0007583596332435511,1.3845689260961253e-05
ALA 198,R ALA 198,0.0,0.0,0.0,-0.00032466666666667075,0.00046825017055227117,8.549039365570673e-06,-0.0023879999999999995,0.003410589782818635,6.226856528154706e-05,0.004782333333333375,0.003919900664841034,7.15672672437644e-05,0.0,0.0,0.0,0.002069666666666683,0.001136432967177938,2.0748332373862823e-05
ARG 199,R ARG 199,0.0,0.0,0.0,-0.0008206666666666839,0.00038622906271907736,7.0515456671772085e-06,-0.060696666666666864,0.04272968510168215,0.0007801337468427914,0.06654566666666674,0.04255254690249336,0.0007768996605930732,0.0,0.0,0.0,0.0050283333333329475,0.0015447320875232786,2.8202820321284806e-05
GLN 200,R GLN 200,0.0,0.0,0.0,-0.00028033333333333637,0.0004491620593455797,8.200539729301604e-06,0.0013109999999998863,0.005777855340291404,0.00010548872346264297,-0.000253000000000013,0.005769661255221117,0.00010533912062160591,0.0,0.0,0.0,0.0007776666666665099,0.0009307172264204051,1.6992493985636633e-05
ARG 201,R ARG 201,0.0,0.0,0.0,-0.00046299999999999044,0.0005105203228079961,9.320783228891954e-06,0.06124599999999969,0.037102733286556534,0.0006774001322048267,-0.056258666666666686,0.035294972610211035,0.0006443950888379859,0.0,0.0,0.0,0.004524333333333241,0.002563995818163255,4.6811944898564296e-05
LEU 202,R LEU 202,0.0,0.0,0.0,-0.0021720000000000016,0.0011666544761268873,2.1300099112968947e-05,0.0003083333333333253,0.005662031192268532,0.00010337407351011151,0.004093333333333322,0.005865488518065279,0.00010708867907106338,0.0,0.0,0.0,0.002229666666666642,0.0016805514637232258,3.0682531524317854e-05
ARG 203,R ARG 203,0.0,0.0,0.0,-0.0009906666666666655,0.00041862420166800763,7.642997279038651e-06,-0.10467299999999993,0.046532570002096076,0.0008495646082945412,0.10816466666666692,0.046500339262800075,0.0008489761581959583,0.0,0.0,0.0,0.0025009999999999195,0.0012680690044307873,2.315166660666202e-05
GLU 204,R GLU 204,0.0,0.0,0.0,-0.0004443333333333337,0.000496891559821875,9.071957198278954e-06,0.007107666666666674,0.03266987513325119,0.0005964675853786257,-0.005525666666666705,0.03285950914457235,0.0005999298129009854,0.0,0.0,0.0,0.0011376666666665898,0.001555007359753828,2.839042026745742e-05
LEU 205,R LEU 205,0.0,0.0,0.0,-0.0015979999999999937,0.0007739913866876473,1.4131084726784271e-05,0.005847000000000009,0.00668602455374898,0.00012206954893739094,0.0002456666666666672,0.006452388283074378,0.00011780395374739554,0.0,0.0,0.0,0.00449466666666666,0.001954133624454106,3.567743554976142e-05
GLY 206,R GLY 206,0.0,0.0,0.0,-0.0008719999999999956,0.0005036030182593805,9.19449110427829e-06,0.0037790000000000007,0.007864783891924021,0.0001435906515836686,-0.0010323333333333352,0.007120202798297907,0.00012999652288797232,0.0,0.0,0.0,0.0018746666666666458,0.001721324554586438,3.1426942911150824e-05
ARG 207,R ARG 207,0.0,0.0,0.0,-0.0006726666666666689,0.0004734830749057453,8.644578690759499e-06,-0.03619766666666723,0.03541830874781519,0.0006466468883286977,0.03789400000000015,0.03508508843749221,0.0006405631456426055,0.0,0.0,0.0,0.0010236666666660974,0.0012057251851993543,2.2013429402859347e-05
GLN 208,R GLN 208,0.0,0.0,0.0,-0.0008539999999999945,0.0007090021156526974,1.2944548402062299e-05,0.00045599999999996755,0.010730489146974186,0.00019591103196207096,0.005225666666666687,0.010999154871574874,0.00020081617455514655,0.0,0.0,0.0,0.004827666666666677,0.0037564124581247675,6.858239462027884e-05
ARG 209,R ARG 209,0.0,0.0,0.0,-0.004270666666666721,0.003262729872702086,5.956902501082972e-05,-0.11668933333333321,0.32965069212661186,0.0060185706724978656,0.13516033333333383,0.33622298943789564,0.006138563855565222,0.0,0.0,0.0,0.014200333333333665,0.008399615063932015,0.00015335528816252543
PHE 210,R PHE 210,0.0,0.0,0.0,-0.0035460000000000626,0.0033171097861441922,6.056186185307705e-05,-0.0008606666666666883,0.018834363617836695,0.0003438668603247922,0.00117366666666668,0.021007129898097863,0.0003835359637876467,0.0,0.0,0.0,-0.0032330000000000128,0.005457170603893596,9.963384799688707e-05
ASP 211,R ASP 211,0.0,0.0,0.0,-0.0008866666666666626,0.0007459818287927044,1.3619702503957368e-05,0.270638999999999,0.12967572381007542,0.002367543969719602,-0.25564999999999943,0.13020829786666274,0.0023772673971974327,0.0,0.0,0.0,0.014102333333333546,0.006004153664107408,0.00010962034668529745
L1C 212,L L1C   1,0.0,0.0,0.0,-18.480348333333296,1.4066854868801,0.02568244574931227,-3.360722333333329,1.1835235634471297,0.02160808510129632,11.303343000000003,1.1741222381071688,0.021436441169324937,-3.362135776800003,0.16985015398951545,0.0031010253578594564,-13.89986344346667,1.2145646041026708,0.022174814373812145

