#Res        AtomicFlx
   1.000       6.0822
   2.000       4.3970
   3.000       2.6266
   4.000       1.2592
   5.000       0.7600
   6.000       0.6636
   7.000       0.5469
   8.000       0.4658
   9.000       0.5114
  10.000       0.5117
  11.000       0.6382
  12.000       0.6714
  13.000       0.5996
  14.000       0.7548
  15.000       1.0071
  16.000       1.2110
  17.000       0.9678
  18.000       0.8060
  19.000       1.0623
  20.000       1.0661
  21.000       0.8335
  22.000       0.9218
  23.000       0.9438
  24.000       0.7717
  25.000       0.7671
  26.000       1.0147
  27.000       1.1682
  28.000       1.1381
  29.000       1.0123
  30.000       1.3953
  31.000       1.1714
  32.000       0.8758
  33.000       0.8490
  34.000       0.7709
  35.000       0.7206
  36.000       0.6699
  37.000       0.6548
  38.000       0.6225
  39.000       0.5539
  40.000       0.6262
  41.000       0.5520
  42.000       0.5085
  43.000       0.5544
  44.000       0.6058
  45.000       0.6047
  46.000       0.7629
  47.000       0.9119
  48.000       1.1250
  49.000       1.4409
  50.000       1.4094
  51.000       1.2994
  52.000       0.8944
  53.000       0.6246
  54.000       0.5402
  55.000       0.4721
  56.000       0.4583
  57.000       0.4323
  58.000       0.4441
  59.000       0.5472
  60.000       0.5676
  61.000       0.7428
  62.000       0.8261
  63.000       0.9405
  64.000       0.9748
  65.000       0.9500
  66.000       1.3991
  67.000       1.0274
  68.000       0.6621
  69.000       0.6311
  70.000       0.5965
  71.000       0.5903
  72.000       0.6142
  73.000       0.6124
  74.000       0.8063
  75.000       0.6921
  76.000       0.6655
  77.000       0.6043
  78.000       0.5504
  79.000       0.4926
  80.000       0.4277
  81.000       0.4363
  82.000       0.4353
  83.000       0.5598
  84.000       0.7032
  85.000       0.8935
  86.000       0.9461
  87.000       1.1112
  88.000       1.2055
  89.000       0.9269
  90.000       1.1525
  91.000       1.3267
  92.000       1.4720
  93.000       1.3094
  94.000       1.0688
  95.000       1.1829
  96.000       0.9071
  97.000       0.9513
  98.000       0.8785
  99.000       0.8128
 100.000       0.9339
 101.000       0.9659
 102.000       0.7221
 103.000       0.6689
 104.000       0.5366
 105.000       0.5234
 106.000       0.6371
 107.000       0.6897
 108.000       1.2907
 109.000       1.6811
 110.000       1.3148
 111.000       1.8327
 112.000       2.0351
 113.000       2.2884
 114.000       1.9491
 115.000       1.3678
 116.000       1.3642
 117.000       1.1906
 118.000       1.0196
 119.000       0.7700
 120.000       0.7191
 121.000       0.7088
 122.000       0.7000
 123.000       0.9369
 124.000       0.8390
 125.000       0.6926
 126.000       0.6306
 127.000       0.6524
 128.000       0.6080
 129.000       0.6614
 130.000       0.6928
 131.000       0.6196
 132.000       0.7307
 133.000       0.7312
 134.000       0.5866
 135.000       0.5370
 136.000       0.6373
 137.000       0.6211
 138.000       0.5179
 139.000       0.6543
 140.000       0.7797
 141.000       0.7416
 142.000       0.7224
 143.000       0.5991
 144.000       0.4921
 145.000       0.5231
 146.000       0.5028
 147.000       0.5408
 148.000       0.5663
 149.000       0.7100
 150.000       0.8368
 151.000       0.7486
 152.000       0.6810
 153.000       0.8274
 154.000       1.1218
 155.000       0.8578
 156.000       0.8856
 157.000       1.2204
 158.000       1.2348
 159.000       1.0317
 160.000       0.7965
 161.000       0.6037
 162.000       0.6473
 163.000       0.6486
 164.000       0.6534
 165.000       0.6657
 166.000       0.8997
 167.000       0.8507
 168.000       0.7191
 169.000       0.7138
 170.000       0.8633
 171.000       1.2368
 172.000       0.7646
 173.000       0.6021
 174.000       0.6451
 175.000       0.5701
 176.000       0.6055
 177.000       0.5440
 178.000       0.5180
 179.000       0.4575
 180.000       0.4406
 181.000       0.4833
 182.000       0.5942
 183.000       0.9037
 184.000       1.0405
 185.000       0.7508
 186.000       0.9655
 187.000       1.2361
 188.000       0.9345
 189.000       1.0188
 190.000       0.9001
 191.000       0.7214
 192.000       0.7909
 193.000       0.8844
 194.000       0.7511
 195.000       0.6972
 196.000       0.9051
 197.000       1.0213
 198.000       0.9161
 199.000       0.9190
 200.000       1.1590
 201.000       1.2039
 202.000       1.1800
 203.000       1.2079
 204.000       1.5360
 205.000       1.9566
 206.000       2.1535
 207.000       2.4404
 208.000       3.1269
 209.000       4.0879
 210.000       5.6392
 211.000       7.2990
