#Res        AtomicFlx
   1.000       6.0839
   2.000       3.7596
   3.000       2.0275
   4.000       1.3398
   5.000       0.7159
   6.000       0.6435
   7.000       0.5424
   8.000       0.5553
   9.000       0.6657
  10.000       0.7452
  11.000       1.0263
  12.000       1.1295
  13.000       1.0766
  14.000       1.2093
  15.000       1.2628
  16.000       1.2683
  17.000       1.0245
  18.000       0.9471
  19.000       1.0626
  20.000       0.9302
  21.000       0.7695
  22.000       0.9292
  23.000       0.9281
  24.000       0.6975
  25.000       0.7802
  26.000       1.0647
  27.000       1.2340
  28.000       1.2063
  29.000       1.0367
  30.000       1.2730
  31.000       1.1193
  32.000       0.8572
  33.000       0.8449
  34.000       0.8399
  35.000       0.8245
  36.000       0.8298
  37.000       0.9256
  38.000       1.0176
  39.000       0.9658
  40.000       1.0660
  41.000       0.8437
  42.000       0.7025
  43.000       0.7365
  44.000       0.8336
  45.000       0.7263
  46.000       0.7350
  47.000       0.9496
  48.000       1.2024
  49.000       1.8125
  50.000       1.7909
  51.000       1.6079
  52.000       1.0440
  53.000       0.6703
  54.000       0.5742
  55.000       0.4884
  56.000       0.5150
  57.000       0.4966
  58.000       0.5543
  59.000       0.5766
  60.000       0.6428
  61.000       0.6957
  62.000       0.7839
  63.000       1.0366
  64.000       1.3871
  65.000       0.9132
  66.000       1.4084
  67.000       0.9217
  68.000       0.7621
  69.000       0.8044
  70.000       0.6792
  71.000       0.5929
  72.000       0.5588
  73.000       0.5046
  74.000       0.6205
  75.000       0.6719
  76.000       0.7518
  77.000       0.6909
  78.000       0.6466
  79.000       0.5411
  80.000       0.4915
  81.000       0.4527
  82.000       0.4663
  83.000       0.6054
  84.000       0.7735
  85.000       1.0573
  86.000       1.1051
  87.000       1.5339
  88.000       1.6093
  89.000       1.2372
  90.000       1.5343
  91.000       2.0797
  92.000       2.0200
  93.000       2.9618
  94.000       2.4781
  95.000       1.7376
  96.000       1.1083
  97.000       1.2865
  98.000       1.1025
  99.000       0.8531
 100.000       1.0001
 101.000       1.0343
 102.000       0.7532
 103.000       0.7246
 104.000       0.6579
 105.000       0.6526
 106.000       0.8118
 107.000       0.9665
 108.000       1.6773
 109.000       1.1501
 110.000       2.3570
 111.000       2.5587
 112.000       2.2037
 113.000       1.6796
 114.000       1.3800
 115.000       1.2741
 116.000       1.2159
 117.000       1.2772
 118.000       1.0495
 119.000       0.9093
 120.000       0.9369
 121.000       1.0299
 122.000       0.9058
 123.000       1.2404
 124.000       1.0141
 125.000       0.8793
 126.000       0.9072
 127.000       1.0496
 128.000       1.0643
 129.000       1.1566
 130.000       0.9755
 131.000       0.8884
 132.000       1.0314
 133.000       0.9576
 134.000       0.7771
 135.000       0.7345
 136.000       0.7974
 137.000       0.7252
 138.000       0.5966
 139.000       0.7051
 140.000       0.8117
 141.000       0.7336
 142.000       0.7596
 143.000       0.6577
 144.000       0.5116
 145.000       0.6223
 146.000       0.6386
 147.000       0.6775
 148.000       0.7397
 149.000       0.7536
 150.000       1.0050
 151.000       0.9606
 152.000       0.7662
 153.000       0.8865
 154.000       1.1186
 155.000       0.8388
 156.000       0.8637
 157.000       1.2566
 158.000       1.2328
 159.000       1.0441
 160.000       0.8368
 161.000       0.6012
 162.000       0.6268
 163.000       0.5853
 164.000       0.6032
 165.000       0.6453
 166.000       0.8029
 167.000       1.0251
 168.000       1.1508
 169.000       0.9676
 170.000       1.0506
 171.000       1.1706
 172.000       0.7735
 173.000       0.6973
 174.000       0.7154
 175.000       0.6350
 176.000       0.5330
 177.000       0.5274
 178.000       0.5387
 179.000       0.5074
 180.000       0.5354
 181.000       0.5665
 182.000       0.6288
 183.000       0.9981
 184.000       1.2601
 185.000       0.8968
 186.000       1.1777
 187.000       1.4685
 188.000       1.0095
 189.000       0.9560
 190.000       0.8230
 191.000       0.7070
 192.000       0.8019
 193.000       0.7558
 194.000       0.6403
 195.000       0.6355
 196.000       0.7592
 197.000       0.6962
 198.000       0.5986
 199.000       0.6555
 200.000       0.8077
 201.000       0.7536
 202.000       0.8776
 203.000       1.1400
 204.000       1.3185
 205.000       1.3251
 206.000       1.6045
 207.000       1.6410
 208.000       1.9429
 209.000       2.4050
 210.000       2.9460
 211.000       3.5198
