#Res        AtomicFlx
   1.000       5.9568
   2.000       4.3453
   3.000       2.0069
   4.000       1.5065
   5.000       1.0103
   6.000       0.9044
   7.000       0.5507
   8.000       0.5656
   9.000       0.6886
  10.000       0.5893
  11.000       0.6593
  12.000       0.6558
  13.000       0.6040
  14.000       0.6457
  15.000       0.7452
  16.000       0.7725
  17.000       0.6209
  18.000       0.6042
  19.000       0.6549
  20.000       0.6414
  21.000       0.6288
  22.000       0.6657
  23.000       0.6635
  24.000       0.5375
  25.000       0.5713
  26.000       0.7590
  27.000       0.9466
  28.000       0.8998
  29.000       0.9907
  30.000       1.5810
  31.000       1.4391
  32.000       1.0070
  33.000       1.0773
  34.000       0.9458
  35.000       0.7762
  36.000       0.7934
  37.000       0.7311
  38.000       0.7249
  39.000       0.6414
  40.000       0.7965
  41.000       0.7799
  42.000       0.6367
  43.000       0.6905
  44.000       0.7601
  45.000       0.8045
  46.000       0.9459
  47.000       1.1036
  48.000       1.2960
  49.000       1.4692
  50.000       1.5131
  51.000       1.3480
  52.000       1.0684
  53.000       0.7288
  54.000       0.8006
  55.000       0.5544
  56.000       0.5367
  57.000       0.4954
  58.000       0.4726
  59.000       0.4981
  60.000       0.5944
  61.000       0.6750
  62.000       0.6737
  63.000       1.1712
  64.000       1.9031
  65.000       1.2121
  66.000       1.8737
  67.000       0.8964
  68.000       0.6428
  69.000       0.6932
  70.000       0.6754
  71.000       0.4935
  72.000       0.4655
  73.000       0.4622
  74.000       0.5498
  75.000       0.5511
  76.000       0.5870
  77.000       0.5290
  78.000       0.5030
  79.000       0.4273
  80.000       0.4060
  81.000       0.4137
  82.000       0.4481
  83.000       0.5487
  84.000       0.6729
  85.000       0.9622
  86.000       1.1141
  87.000       1.3824
  88.000       1.4488
  89.000       1.0957
  90.000       1.4808
  91.000       1.4589
  92.000       1.3505
  93.000       1.1703
  94.000       0.9144
  95.000       0.8625
  96.000       0.8221
  97.000       0.9507
  98.000       0.8103
  99.000       0.7434
 100.000       0.9408
 101.000       1.0133
 102.000       0.7372
 103.000       0.6542
 104.000       0.5927
 105.000       0.5931
 106.000       0.6832
 107.000       0.7643
 108.000       0.9803
 109.000       1.1479
 110.000       2.1896
 111.000       2.7575
 112.000       3.0909
 113.000       2.7306
 114.000       2.3164
 115.000       2.1865
 116.000       1.8155
 117.000       1.3217
 118.000       0.9658
 119.000       0.9088
 120.000       0.8871
 121.000       0.9321
 122.000       0.8197
 123.000       1.0891
 124.000       0.8566
 125.000       0.7580
 126.000       0.7431
 127.000       0.7960
 128.000       0.7860
 129.000       0.9187
 130.000       0.7646
 131.000       0.6844
 132.000       0.8152
 133.000       0.7882
 134.000       0.6389
 135.000       0.6177
 136.000       0.6913
 137.000       0.6580
 138.000       0.5321
 139.000       0.6616
 140.000       0.7812
 141.000       0.7279
 142.000       0.7379
 143.000       0.6227
 144.000       0.4849
 145.000       0.5546
 146.000       0.5839
 147.000       0.5924
 148.000       0.5761
 149.000       0.6662
 150.000       0.7732
 151.000       0.7464
 152.000       0.6839
 153.000       0.7660
 154.000       0.9921
 155.000       0.7523
 156.000       0.7757
 157.000       1.1041
 158.000       1.1214
 159.000       0.9493
 160.000       0.7534
 161.000       0.5610
 162.000       0.5604
 163.000       0.5066
 164.000       0.5060
 165.000       0.5117
 166.000       0.7030
 167.000       0.7474
 168.000       0.6694
 169.000       0.6023
 170.000       0.7075
 171.000       0.8457
 172.000       0.6157
 173.000       0.5283
 174.000       0.6128
 175.000       0.5245
 176.000       0.4908
 177.000       0.4441
 178.000       0.4721
 179.000       0.4688
 180.000       0.4820
 181.000       0.5394
 182.000       0.6461
 183.000       1.0012
 184.000       1.2616
 185.000       0.8574
 186.000       1.0455
 187.000       1.2972
 188.000       0.8358
 189.000       0.7300
 190.000       0.6798
 191.000       0.5875
 192.000       0.6069
 193.000       0.6048
 194.000       0.5594
 195.000       0.5932
 196.000       0.6615
 197.000       0.6044
 198.000       0.5536
 199.000       0.6015
 200.000       0.7182
 201.000       0.6481
 202.000       0.6973
 203.000       0.8437
 204.000       1.1114
 205.000       1.2375
 206.000       1.2094
 207.000       1.4135
 208.000       1.7851
 209.000       1.8413
 210.000       1.6590
 211.000       2.4821
