| Run on Mon Feb  9 17:01:01 2026
| GB non-polar solvation energies calculated with gbsa=2
idecomp = 2: Per-residue decomp adding 1-4 interactions to EEL and VDW.
Energy Decomposition Analysis (All units kcal/mol): Generalized Born solvent
DELTAS:
Total Energy Decomposition:
Residue,Location,Internal,,,van der Waals,,,Electrostatic,,,Polar Solvation,,,Non-Polar Solv.,,,TOTAL,,
,,Avg.,Std. Dev.,Std. Err. of Mean,Avg.,Std. Dev.,Std. Err. of Mean,Avg.,Std. Dev.,Std. Err. of Mean,Avg.,Std. Dev.,Std. Err. of Mean,Avg.,Std. Dev.,Std. Err. of Mean
GLY   1,R GLY   1,0.0,0.0,0.0,-7.666666666666672e-06,8.722321301631177e-05,1.5924707102370725e-06,-0.05564033333333341,0.016273177518713457,0.0002971062136428436,0.05554733333333317,0.016238260155845265,0.00029646871273312684,0.0,0.0,0.0,-0.00010066666666667838,0.000584122894223241,1.0664576184042438e-05
PRO   2,R PRO   2,0.0,0.0,0.0,-2.0666666666667046e-05,0.00014226579193733223,2.5974061135137818e-06,0.0008426666666666603,0.0014990817930394043,2.736936378643242e-05,-0.0008426666666666644,0.0015072865981255578,2.75191623472864e-05,0.0,0.0,0.0,-2.066666666663982e-05,0.000599087825132731,1.0937797191730238e-05
ARG   3,R ARG   3,0.0,0.0,0.0,-6.933333333333311e-05,0.000254020121687676,4.637751690284913e-06,-0.09304333333333373,0.02708159502113619,0.0004944400162098628,0.09313433333333321,0.026995832170086897,0.0004928742079393411,0.0,0.0,0.0,2.1666666666419588e-05,0.0006612089096660359,1.2071967834916118e-05
ASN   4,R ASN   4,0.0,0.0,0.0,-5.4000000000000716e-05,0.0002260176984220513,4.126499727371909e-06,0.0005163333333333498,0.004172577127973668,7.61804871973766e-05,-0.0002800000000000071,0.00418365071837188,7.638266237249904e-05,0.0,0.0,0.0,0.00018233333333329683,0.00063014910052217,1.1504895898252766e-05
LEU   5,R LEU   5,0.0,0.0,0.0,-0.00013499999999999694,0.0003417235724968275,6.23899030292548e-06,0.0028180000000000024,0.0016509217627334013,3.0141569670842516e-05,-0.002249333333333334,0.0016063933377462793,2.9328595576988407e-05,0.0,0.0,0.0,0.00043366666666664895,0.000726360715408627,1.3261471623829842e-05
ARG   6,R ARG   6,0.0,0.0,0.0,-0.00024399999999999268,0.0004294927240361478,7.84142844129798e-06,-0.16524733333333308,0.04258346501741126,0.0007774641455589422,0.16634566666666667,0.042507021159906504,0.00077606847805434,0.0,0.0,0.0,0.0008543333333335662,0.0009714840308628519,1.7736790598654297e-05
VAL   7,R VAL   7,0.0,0.0,0.0,-0.00044633333333332756,0.0004971115457207526,9.075973572917231e-06,0.005849000000000005,0.002406698776332418,4.3940106963911526e-05,-0.0019116666666666637,0.0025731687123510334,4.697941826737277e-05,0.0,0.0,0.0,0.0034909999999999997,0.0013185543851758328,2.4073399335271967e-05
LEU   8,R LEU   8,0.0,0.0,0.0,-0.0016923333333333337,0.0005718460359999557,1.0440432444569567e-05,-0.020326666666666673,0.005950234355795394,0.00010863591930371191,0.029044666666666965,0.006802009866369738,0.00012418714133944687,0.0,0.0,0.0,0.007025666666666633,0.002454589148694354,4.4814461538243335e-05
LEU   9,R LEU   9,0.0,0.0,0.0,-0.0029129999999999794,0.0009259757016252288,1.690592598272703e-05,0.013801666666666624,0.009624014956809467,0.0001757096695203884,0.0014766666666666632,0.01221706957043651,0.00022305215301126753,0.0,0.0,0.0,0.012365333333333325,0.004928474904966991,8.998122931828501e-05
ASP  10,R ASP  10,0.0,0.0,0.0,-0.03335000000000031,0.012578268296283604,0.0002296467093408868,0.9258596666666652,0.2426591930531833,0.004430330460707646,-1.007885,0.2417634114342614,0.004413975800731579,0.0,0.0,0.0,-0.1153753333333332,0.04690927902049109,0.0008564423425275605
THR  11,R THR  11,0.0,0.0,0.0,-0.029744000000000177,0.014450137161978623,0.00026382220275531247,-0.02408033333333328,0.08301141616200887,0.0015155741720793725,0.085565,0.09921133558386037,0.0018113428819831765,0.0,0.0,0.0,0.0317406666666667,0.029156761586675337,0.0005323272008274067
ALA  12,R ALA  12,0.0,0.0,0.0,-0.243059,0.13285761370354396,0.002425637065391283,-0.08873299999999992,0.05193436605627,0.000948187459958323,0.1616803333333331,0.059611521368683806,0.001088352498027645,-0.013096732799999868,0.01219076133468818,0.00022257183253901672,-0.18320839946666653,0.1327561627305848,0.002423784832512264
ILE  13,R ILE  13,0.0,0.0,0.0,-0.028360333333333487,0.010816368455056105,0.00019747896643738442,0.07958499999999984,0.021610447511948325,0.0003945509860025163,-0.04934733333333393,0.024322856730974417,0.00044407257648403504,0.0,0.0,0.0,0.0018773333333332923,0.014623780389792836,0.00026699247984970757
PRO  14,R PRO  14,0.0,0.0,0.0,-0.010058666666666605,0.003394194782599123,6.196923489986276e-05,4.599999999999926e-05,0.012829232920690544,0.00023422867553833654,-0.019715333333333432,0.014110739345933656,0.0002576256747614519,0.0,0.0,0.0,-0.029728000000000084,0.006989374030149732,0.00012760792730512671
PRO  15,R PRO  15,0.0,0.0,0.0,-0.002216333333333337,0.0007559981628431037,1.3802574907387727e-05,-0.012268333333333306,0.006154483234918189,0.00011236497658506861,0.0002963333333333322,0.005402269883011122,9.863150255519953e-05,0.0,0.0,0.0,-0.01418833333333332,0.004128784795661902,7.538095225561271e-05
SER  16,R SER  16,0.0,0.0,0.0,-0.0009136666666666667,0.00042294194505732344,7.721828127433555e-06,-0.003689999999999994,0.011144351334495243,0.00020346708715552816,0.008918999999999984,0.012252310217533246,0.00022369555625646623,0.0,0.0,0.0,0.004315333333333278,0.0024326730611041836,4.441433035339682e-05
PHE  17,R PHE  17,0.0,0.0,0.0,-0.003962666666666671,0.0015041962046960344,2.7462739740855877e-05,-0.013005000000000017,0.008145447092292406,0.00014871483711378052,0.012676666666666721,0.009618842041650515,0.00017561522544303444,0.0,0.0,0.0,-0.0042909999999999815,0.004791275299959322,8.747631870016839e-05
CYS  18,R CYS  18,0.0,0.0,0.0,-0.001392333333333336,0.0005276437139670479,9.633412148851859e-06,-0.00785499999999997,0.007246974656135256,0.00013231104976111748,0.006372666666666674,0.007556484161889605,0.00013796189436324853,0.0,0.0,0.0,-0.0028746666666666933,0.002796240015131411,5.105212441620202e-05
ASP  19,R ASP  19,0.0,0.0,0.0,-0.0004163333333333381,0.0004929501890545223,8.999997942386603e-06,0.1566933333333334,0.0648468602855143,0.0011839362720587358,-0.15461966666666657,0.06381914822284157,0.001165172902747202,0.0,0.0,0.0,0.001657333333333239,0.0018193165994098847,3.3216024691346124e-05
THR  20,R THR  20,0.0,0.0,0.0,-0.0004253333333333337,0.0004943934555481939,9.026348262889113e-06,-0.011047999999999995,0.005956707367889248,0.00010875409979500551,0.016212666666666837,0.0062928615289244245,0.00011489140702161184,0.0,0.0,0.0,0.004739333333333353,0.001747012561170953,3.189593959994016e-05
VAL  21,R VAL  21,0.0,0.0,0.0,-0.000646666666666666,0.0004793977703558891,8.75256576138673e-06,-0.009418666666666659,0.004112102246891307,7.507637197966822e-05,0.011838333333333421,0.004404792528850419,8.042014097271998e-05,0.0,0.0,0.0,0.0017730000000000126,0.0012535832640873947,2.2887194381720727e-05
SER  22,R SER  22,0.0,0.0,0.0,-0.00018933333333333508,0.00039177317700708547,7.152766882408166e-06,-0.0061523333333333525,0.005586035674389857,0.00010198659152973025,0.006845000000000015,0.005453223053082174,9.956177590934329e-05,0.0,0.0,0.0,0.0005033333333333021,0.000859838486125305,1.569843115539741e-05
SER  23,R SER  23,0.0,0.0,0.0,-0.00012199999999999882,0.00032728580781940053,5.975393989799545e-06,-0.004938666666666661,0.00370255383335459,6.759907516351776e-05,0.005507999999999992,0.0036975581131335924,6.750786620831692e-05,0.0,0.0,0.0,0.0004473333333333369,0.000733866170057981,1.3398501851022618e-05
VAL  24,R VAL  24,0.0,0.0,0.0,-0.00016666666666666094,0.00037267799624995175,6.804138174397476e-06,-0.003002333333333314,0.0026086384486079116,4.762700408926114e-05,0.0038796666666666723,0.0026518898711841063,4.8416663415566804e-05,0.0,0.0,0.0,0.0007106666666666787,0.0007656932951398839,1.3979582995952507e-05
LEU  25,R LEU  25,0.0,0.0,0.0,-0.00020699999999999948,0.0004051555256935294,7.397094024006998e-06,-0.005811666666666664,0.0021185365756158574,3.867900904548514e-05,0.006229333333333296,0.0021357448869708333,3.899318838900822e-05,0.0,0.0,0.0,0.00021066666666663474,0.0007268330084842467,1.3270094476205523e-05
LEU  26,R LEU  26,0.0,0.0,0.0,-9.46666666666665e-05,0.00029275397331016443,5.34493183270808e-06,-0.0029693333333333373,0.0015969949558120222,2.9157005384007017e-05,0.0029153333333333327,0.0016246532621523404,2.966197466017303e-05,0.0,0.0,0.0,-0.00014866666666664305,0.0006515864400744652,1.1896286379775757e-05
ASP  27,R ASP  27,0.0,0.0,0.0,-4.7333333333334265e-05,0.00021235086269872,3.876978586859043e-06,0.048850333333333294,0.03244767993589419,0.0005924108746532343,-0.04877733333333339,0.03234614484327624,0.0005905571059663934,0.0,0.0,0.0,2.5666666666661323e-05,0.0006269034127274768,1.1445638017593676e-05
ASP  28,R ASP  28,0.0,0.0,0.0,-5.0666666666666335e-05,0.00021931610874615406,4.004145999484154e-06,0.04273966666666668,0.026846090216060808,0.0004901403064051748,-0.042640333333333384,0.026745896380981876,0.000488311025618652,0.0,0.0,0.0,4.8666666666612456e-05,0.0006436600206803091,1.1751570423028234e-05
PHE  29,R PHE  29,0.0,0.0,0.0,-9.433333333332975e-05,0.0002922919012828596,5.336495590289847e-06,2.5000000000005297e-05,0.0017934254932948806,3.274331992941454e-05,-0.00017133333333332583,0.0017498509142844765,3.1947760600821554e-05,0.0,0.0,0.0,-0.00024066666666663883,0.0006593528814088955,1.203808155012269e-05
ASN  30,R ASN  30,0.0,0.0,0.0,-2.3666666666666428e-05,0.00015200840620029898,2.775281100210397e-06,0.0012339999999997767,0.0025629235910055895,4.679236879853019e-05,-0.0012056666666666856,0.002561907080455675,4.677380993992586e-05,0.0,0.0,0.0,4.666666666328941e-06,0.0006049613394443335,1.1045032401073376e-05
MET  31,R MET  31,0.0,0.0,0.0,-4.9666666666667415e-05,0.00021725535410868543,3.966521939469989e-06,-0.0019023333333333288,0.002115213438140219,3.861833713358187e-05,0.002045333333333326,0.0021231921460124806,3.8764007742961264e-05,0.0,0.0,0.0,9.333333333331713e-05,0.0006212532137185143,1.1342479969206941e-05
VAL  32,R VAL  32,0.0,0.0,0.0,-0.00011533333333333428,0.00031942378677167596,5.831853780618906e-06,-0.0011279999999999953,0.0019030543870314873,3.4744860531210415e-05,0.0016816666666666744,0.0018682426382982443,3.410928786296378e-05,0.0,0.0,0.0,0.0004383333333333415,0.0006629710065723643,1.2104139175719656e-05
SER  33,R SER  33,0.0,0.0,0.0,-0.00012399999999999903,0.00032958155288182904,6.017308368365318e-06,-0.00017799999999999535,0.003852313071389721,7.033329225907198e-05,0.0005856666666666616,0.0038906719071246506,7.103362557946052e-05,0.0,0.0,0.0,0.00028366666666665484,0.0007265442557446905,1.326482259657231e-05
LEU  34,R LEU  34,0.0,0.0,0.0,-0.0004086666666666708,0.0004915874512456794,8.975117867790989e-06,-0.002343666666666684,0.0046095075538378615,8.415770887424851e-05,0.004619999999999998,0.00475579646326461,8.68285667277772e-05,0.0,0.0,0.0,0.0018676666666666514,0.0009802148857379284,1.789619347070041e-05
ILE  35,R ILE  35,0.0,0.0,0.0,-0.0006866666666666626,0.0004645667037382248,8.481788770108176e-06,0.0021513333333333298,0.004873304651078383,8.897396289968244e-05,-0.0010403333333333345,0.005007731344852915,9.142824731672078e-05,0.0,0.0,0.0,0.0004243333333333285,0.001075612022163333,1.9637898922086804e-05
ARG  36,R ARG  36,0.0,0.0,0.0,-0.004066999999999975,0.001282384887621446,2.3413037678466447e-05,-0.5619463333333333,0.11729331091991263,0.0021414730745101056,0.6045123333333335,0.12461081218962085,0.002275071758176502,0.0,0.0,0.0,0.038499000000000144,0.01659009741783791,0.0003028923528986011
THR  37,R THR  37,0.0,0.0,0.0,-0.004464666666666633,0.0014078653660378403,2.570398729697309e-05,0.03492399999999989,0.025641780177411005,0.0004681527139252276,-0.022081999999999956,0.02900159666868948,0.0005294942899702635,0.0,0.0,0.0,0.008377333333333317,0.006348250642674861,0.00011590266925632297
SER  38,R SER  38,0.0,0.0,0.0,-0.012584333333333371,0.004052433987398044,7.398698358995049e-05,-0.049460999999999956,0.027739931729067864,0.0005064595450554585,0.09201966666666685,0.031905912929874866,0.0005825196076496069,0.0,0.0,0.0,0.029974333333333356,0.015335221155525755,0.0002799815517070632
PRO  39,R PRO  39,0.0,0.0,0.0,-0.15115299999999993,0.06872000381499963,0.0012546498747105456,-0.23812566666666635,0.05408159151894517,0.000987390254023545,0.3112936666666669,0.059507098399171926,0.0010864460041635341,-0.001312603199999993,0.003971502837726528,7.250938971395328e-05,-0.0792976032000001,0.06740992931524284,0.0012307312961929093
ALA  40,R ALA  40,0.0,0.0,0.0,-0.017726000000000037,0.004344451327076282,7.93184663940978e-05,-0.060278999999999826,0.01516337118409619,0.0002768440148451101,0.06965699999999994,0.018879989874644315,0.0003446998779937275,0.0,0.0,0.0,-0.008347999999999998,0.00706094158027096,0.00012891456602468596
ASP  41,R ASP  41,0.0,0.0,0.0,-0.004724333333333297,0.0009471050041516524,1.7291692503329465e-05,0.4788446666666652,0.18614934471607478,0.0033986065055266416,-0.481369333333334,0.1889476971533542,0.003449697197318225,0.0,0.0,0.0,-0.007248999999999929,0.013229197468730282,0.00024153099571046064
SER  42,R SER  42,0.0,0.0,0.0,-0.005351666666666656,0.0012540589654751826,2.2895879461078327e-05,-0.04279533333333335,0.018404169225718515,0.0003360126212356139,0.06275100000000024,0.021651027666139744,0.0003952918748637723,0.0,0.0,0.0,0.014603999999999966,0.008784105949573578,0.00016037509920322618
LEU  43,R LEU  43,0.0,0.0,0.0,-0.004987666666666643,0.000882901215060515,1.6119497051245465e-05,-0.013319333333333318,0.015868018975985103,0.0002897090645355689,0.016494333333333378,0.016051790177076305,0.00029306425227748455,0.0,0.0,0.0,-0.0018126666666666393,0.002996259816652838,5.470396965756842e-05
ALA  44,R ALA  44,0.0,0.0,0.0,-0.0009903333333333335,0.00031555224959136405,5.761169505756347e-06,-0.02131266666666658,0.009082120139164943,0.0001658160690064199,0.02176900000000018,0.008997609256536834,0.000164273118447417,0.0,0.0,0.0,-0.0005340000000000021,0.0019926976689904306,3.638151545313405e-05
THR  45,R THR  45,0.0,0.0,0.0,-0.0008803333333333323,0.00035025688985207594,6.394786649786143e-06,-0.016096999999999986,0.008706717196126925,0.00015896218033789494,0.025554333333333602,0.00873722197777226,0.00015951911890519225,0.0,0.0,0.0,0.008577000000000027,0.002543371319069549,4.643539478553537e-05
ILE  46,R ILE  46,0.0,0.0,0.0,-0.0009553333333333394,0.00034929198228536926,6.377169928446387e-06,-0.00813566666666663,0.005542255367226955,0.00010118727613614271,0.009266666666666671,0.005439750811286103,9.931580755161421e-05,0.0,0.0,0.0,0.00017566666666667648,0.0012977446675760988,2.3693467610449082e-05
LYS  47,R LYS  47,0.0,0.0,0.0,-0.0008106666666666668,0.00043987068806887865,8.030903274688112e-06,-0.17307066666666632,0.14436233698425519,0.0026356836140146293,0.18347566666666693,0.1440817779638429,0.0026305613305415837,0.0,0.0,0.0,0.009594333333333382,0.004647626765947895,8.485366728581483e-05
GLN  48,R GLN  48,0.0,0.0,0.0,-0.00033466666666665706,0.00047187380610591036,8.615197596667537e-06,-0.0009189999999999874,0.011128751307611564,0.0002031822709347989,0.0029153333333333453,0.010892298420851699,0.00019886525160594582,0.0,0.0,0.0,0.001661666666666669,0.0011412846076048026,2.0836910803952748e-05
ASP  49,R ASP  49,0.0,0.0,0.0,-0.00010133333333333179,0.000301769595699908,5.509533824468453e-06,0.11275699999999995,0.048570902994145286,0.0008867793069429528,-0.11259733333333327,0.04837585340734506,0.0008832182049922012,0.0,0.0,0.0,5.8333333333268436e-05,0.000694452222178702,1.267890490656215e-05
ASN  50,R ASN  50,0.0,0.0,0.0,-9.566666666666727e-05,0.00029413356754297277,5.370119662091852e-06,-0.000735333333333377,0.006462503505264392,0.00011798863159298377,0.0009653333333333565,0.0064029262754531245,0.00011690090517027376,0.0,0.0,0.0,0.00013433333333345607,0.000664545876687655,1.2132892238629171e-05
ALA  51,R ALA  51,0.0,0.0,0.0,-0.00013666666666666731,0.0003434951075181269,6.271333959344683e-06,0.00039000000000001317,0.0029737574435944225,5.4293134413518723e-05,-7.333333333331032e-06,0.0029726440905175643,5.4272807460363293e-05,0.0,0.0,0.0,0.00024600000000001563,0.000705325456792852,1.2877422102269349e-05
GLU  52,R GLU  52,0.0,0.0,0.0,-0.00011966666666666637,0.0003245713412418828,5.9258348372628675e-06,0.11481333333333345,0.03591834010022529,0.0006557761700345254,-0.11435199999999984,0.0357913410757408,0.0006534574956848151,0.0,0.0,0.0,0.00034166666666672304,0.0006857578937852733,1.2520168913780865e-05
ILE  53,R ILE  53,0.0,0.0,0.0,-0.00039666666666667087,0.0004892057054268945,8.931633337417919e-06,-0.008252333333333303,0.0023066558525757157,4.211358142856768e-05,0.009681666666666663,0.0023587420140592404,4.306454028118045e-05,0.0,0.0,0.0,0.0010326666666666876,0.0008545561551017445,1.560198942680363e-05
ASP  54,R ASP  54,0.0,0.0,0.0,-0.0001926666666666675,0.0003943934865362561,7.200606970300583e-06,0.10554066666666671,0.03262972590888357,0.000595734564183543,-0.1049106666666669,0.032477510468355626,0.0005929555031709516,0.0,0.0,0.0,0.000437333333333432,0.0007698958082464916,1.405631003684251e-05
ILE  55,R ILE  55,0.0,0.0,0.0,-0.0005253333333333332,0.0004993578098139741,9.116984556716274e-06,0.00873966666666663,0.002682019119162841,4.89667457075208e-05,-0.005064333333333343,0.002965388320083637,5.414033582240526e-05,0.0,0.0,0.0,0.003149999999999994,0.0012728576773020017,2.323909541173126e-05
ALA  56,R ALA  56,0.0,0.0,0.0,-0.001079000000000002,0.0004140358277572402,7.559225415932134e-06,-0.02024166666666668,0.004670681308855077,8.527458372592264e-05,0.027578333333333708,0.005274896260166676,9.630598900643092e-05,0.0,0.0,0.0,0.00625766666666664,0.002042369838093776,3.7288401036404497e-05
ILE  57,R ILE  57,0.0,0.0,0.0,-0.004255666666666627,0.0011530978083213281,2.1052589354245322e-05,0.04167100000000007,0.008606243412003141,0.00015712778840447825,-0.01946300000000024,0.00907476157629795,0.00016568172064398417,0.0,0.0,0.0,0.017952333333333327,0.004737657074499587,8.649738831424524e-05
THR  58,R THR  58,0.0,0.0,0.0,-0.018136000000000117,0.004773276722196807,8.714771113205037e-05,-0.09385733333333343,0.023559236961798388,0.0004301308507195484,0.14007333333333294,0.029394738002272755,0.000536672035859971,0.0,0.0,0.0,0.028079999999999918,0.023908191064988638,0.0004365018518479246
ILE  59,R ILE  59,0.0,0.0,0.0,-0.7587700000000002,0.31746870675180894,0.005796159066331946,-0.166524,0.049986859179854244,0.0009126310117213452,0.2300129999999999,0.05796204647008196,0.0010582373443608858,-0.07853768399999993,0.028989842376313593,0.0005292796869342041,-0.7738186839999999,0.3396422493220329,0.006200990714515704
ASP  60,R ASP  60,0.0,0.0,0.0,-0.0488506666666668,0.009127743398864656,0.00016664903195590154,0.14742666666666682,0.348617520054412,0.006364855989177035,-0.17354000000000008,0.3656614651103754,0.006676034428378029,0.0,0.0,0.0,-0.07496399999999992,0.063902707590002,0.0011666984810900227
GLU  61,R GLU  61,0.0,0.0,0.0,-0.032088666666666876,0.015175774715717207,0.0002770704713138288,-0.08090633333333327,0.35660911218478714,0.006510761831849943,0.1708843333333334,0.363377912951822,0.0066343426607620515,-1.1822400000000048e-05,0.0003255680325496343,5.9440318476670285e-06,0.05787751093333331,0.036344704154455,0.0006635604770415576
GLU  62,R GLU  62,0.0,0.0,0.0,-0.0040926666666666126,0.0008430576624539962,1.539205663345433e-05,0.08484133333333338,0.17396760088655056,0.0031761993093539823,-0.07140933333333335,0.17301636275091303,0.0031588321565390546,0.0,0.0,0.0,0.009339333333333345,0.005756867165008704,0.00010510553356120275
LEU  63,R LEU  63,0.0,0.0,0.0,-0.0018596666666666243,0.0005303834042989327,9.683431822030264e-06,-0.0013229999999999956,0.007421500589503416,0.00013549744278029696,0.0012576666666666639,0.007535688945868794,0.00013758222739982217,0.0,0.0,0.0,-0.0019250000000000237,0.0016058357118128054,2.9318414766907956e-05
LYS  64,R LYS  64,0.0,0.0,0.0,-0.000944999999999974,0.00048439825213011397,8.843861650257942e-06,-0.07344833333333337,0.12589765154238947,0.002298566122889726,0.07978733333333336,0.12569232583132875,0.0022948174054369347,0.0,0.0,0.0,0.005394000000000061,0.0047182020586941905,8.61421899471374e-05
ILE  65,R ILE  65,0.0,0.0,0.0,-0.0008853333333333248,0.0004002310443841893,7.3071857074357265e-06,-0.0038600000000000097,0.004101674454821226,7.4885987414943e-05,0.0055426666666666645,0.004229126728875457,7.721293693177075e-05,0.0,0.0,0.0,0.00079733333333336,0.0009155651563682622,1.6715856300288064e-05
SER  66,R SER  66,0.0,0.0,0.0,-0.00016166666666666638,0.0003681447481026383,6.721372765429073e-06,-0.002387333333333329,0.004222713135203752,7.709584126748191e-05,0.0025803333333333242,0.004201929702198989,7.671638943151171e-05,0.0,0.0,0.0,3.133333333328281e-05,0.0007414073704036797,1.3536184702356114e-05
ARG  67,R ARG  67,0.0,0.0,0.0,-0.00023799999999999782,0.000425859131638618,7.775088423934434e-06,-0.09722900000000002,0.05509977518707894,0.0010059796594475523,0.09792366666666683,0.05491868995665788,0.0010026735105964643,0.0,0.0,0.0,0.0004566666666663934,0.0008918831512903456,1.6283484020683837e-05
PHE  68,R PHE  68,0.0,0.0,0.0,-0.000570999999999992,0.0004949333288433723,9.036204955621242e-06,-0.001638000000000012,0.0033225927626880122,6.0661966850921116e-05,0.002332333333333326,0.003351102488568349,6.118248085001943e-05,0.0,0.0,0.0,0.00012333333333332323,0.0009737156783282704,1.7777534720561262e-05
ASN  69,R ASN  69,0.0,0.0,0.0,-0.00039700000000000136,0.0004892759957324685,8.932916656949146e-06,0.005405333333333317,0.006355918886273378,0.00011604267158950138,-0.0029143333333333386,0.006406532698911522,0.0001169667491529431,0.0,0.0,0.0,0.0020940000000000533,0.0010278605612305332,1.8766080511862767e-05
GLN  70,R GLN  70,0.0,0.0,0.0,-0.0019916666666666655,0.000807628558737685,1.4745212656867203e-05,-0.006925666666666572,0.01866735496052459,0.00034081771336117594,0.02432833333333328,0.02050337851563868,0.0003743387639360698,0.0,0.0,0.0,0.01541100000000002,0.006573285251683507,0.00012001122030876933
CYS  71,R CYS  71,0.0,0.0,0.0,-0.0010320000000000095,0.0003833744905441178,6.999428548102145e-06,0.004277000000000005,0.008117282242228617,0.00014820061965682425,-0.0021550000000000015,0.008210621677640112,0.00014990475679947998,0.0,0.0,0.0,0.0010900000000000417,0.0018572111709047182,3.390788174516988e-05
VAL  72,R VAL  72,0.0,0.0,0.0,-0.0027343333333333386,0.0007172316377728683,1.3094798232152478e-05,0.01622733333333336,0.009568088605126618,0.0001746885987078663,-0.004671333333333331,0.010251763013691207,0.00018717072855986057,0.0,0.0,0.0,0.00882166666666669,0.00298471615996492,5.449321228543281e-05
LEU  73,R LEU  73,0.0,0.0,0.0,-0.0024713333333333384,0.0007961437614457888,1.4535529905362344e-05,0.006528333333333311,0.008306695926914765,0.00015165882458358337,0.008190000000000015,0.0075924458070724225,0.00013861846117230273,0.0,0.0,0.0,0.01224699999999996,0.004652095334362888,8.49352518098364e-05
GLY  74,R GLY  74,0.0,0.0,0.0,-0.0036273333333332906,0.0011680979791477964,2.132645375184824e-05,-0.0210543333333332,0.011537563920612776,0.0002106461339325787,0.027160000000000194,0.013032999143199902,0.0002379489207558696,0.0,0.0,0.0,0.0024783333333333575,0.005908654434151823,0.00010787677726959589
TYR  75,R TYR  75,0.0,0.0,0.0,-0.028050333333333535,0.009891973171324698,0.00018060189480568174,0.110683333333333,0.06337233667425883,0.0011570152772767827,-0.06568166666666664,0.06447087453950721,0.001177071742912453,0.0,0.0,0.0,0.016951333333333412,0.01366180679445031,0.0002494293252532593
THR  76,R THR  76,0.0,0.0,0.0,-0.10237933333333314,0.05500758832096656,0.001004296565245037,-0.21618533333333267,0.12360456161305682,0.0022567002202002785,0.3131186666666661,0.1435554013318777,0.002620951052039219,-0.0035721023999999812,0.004500022073945243,8.215878663903301e-05,-0.009018102399999992,0.0449287339845951,0.0008202827027837233
LYS  77,R LYS  77,0.0,0.0,0.0,-0.10251299999999974,0.034012034600515294,0.0006209719525782812,0.773874333333335,0.5498836900120062,0.0100394567007918,-0.5825883333333326,0.5372683335142904,0.009809132856632855,-0.00021038399999999998,0.0008274390531175093,1.510690114510584e-05,0.08856261600000007,0.04393068961956593,0.0008020609890464767
ALA  78,R ALA  78,0.0,0.0,0.0,-0.5839723333333342,0.24315221207004512,0.004439331715268121,-0.18221499999999996,0.11243762763565131,0.002052820832280416,0.27730133333333334,0.11168754271727066,0.002039126217952366,-0.07321804559999986,0.017900077597092414,0.00032680920936734617,-0.5621040456000009,0.24120990531756994,0.004403870207870612
PHE  79,R PHE  79,0.0,0.0,0.0,-0.20949366666666627,0.03488811583556188,0.0006369669343996813,0.19158600000000023,0.06089381964260889,0.001111763954363602,-0.25592600000000043,0.07339345014372783,0.0013399749405616837,0.0,0.0,0.0,-0.27383366666666753,0.04909398469488619,0.0008963294285067515
VAL  80,R VAL  80,0.0,0.0,0.0,-1.1505173333333332,0.3272228879009342,0.005974245234510864,-0.08142266666666664,0.0925560804029403,0.001689835102365075,0.04011833333333327,0.06657883295178897,0.0012155576220021027,-0.1181469023999997,0.023080029489390592,0.0004213817593074556,-1.309968569066665,0.3456730904116144,0.0063110983046987985
VAL  81,R VAL  81,0.0,0.0,0.0,-0.061342333333333283,0.008175969334308105,0.0001492720944623682,-0.010579666666666657,0.030947799920008744,0.0005650269373781788,0.050398333333333455,0.03057719734086513,0.0005582606909626272,0.0,0.0,0.0,-0.021523666666666632,0.012348742441596434,0.00022545615973612625
ALA  82,R ALA  82,0.0,0.0,0.0,-0.012387666666666611,0.0020896685276747683,3.8151953010535966e-05,-0.007856666666666644,0.01372200625111203,0.0002505284119320319,0.011787666666666655,0.014875413088568564,0.0002715866433605532,0.0,0.0,0.0,-0.008456666666666677,0.005004143838415875,9.136274871002872e-05
HID  83,R HID  83,0.0,0.0,0.0,-0.0034986666666666755,0.0006303424113568928,1.1508425255079025e-05,-0.036838000000000204,0.009854901792169798,0.0001799250671189829,0.041752333333333835,0.010152487111811808,0.00018535820686399335,0.0,0.0,0.0,0.001415666666666701,0.00362172443580246,6.612333901855593e-05
PRO  84,R PRO  84,0.0,0.0,0.0,-0.0020186666666666747,0.0005474043802851836,9.994190905311043e-06,-0.017883333333333282,0.005217188472305586,9.525239376792287e-05,0.016273666666666672,0.006159662319388033,0.0001124595332981139,0.0,0.0,0.0,-0.0036283333333333636,0.0019723582895158982,3.6010170888338754e-05
GLN  85,R GLN  85,0.0,0.0,0.0,-0.001152666666666639,0.0004195547904889958,7.659987428672564e-06,-0.006127333333333411,0.010924885333748437,0.0001994602045150458,0.011731333333333344,0.010977726763264363,0.00020042495261226887,0.0,0.0,0.0,0.004451333333333371,0.0018239969541883304,3.330147588765552e-05
HIE  86,R HIE  86,0.0,0.0,0.0,-0.007216333333333271,0.002035239516344248,3.7158219767588295e-05,-0.061486666666666745,0.019876128619247348,0.0003628868000211928,0.06469033333333352,0.02089653336215176,0.0003815167565369929,0.0,0.0,0.0,-0.004012666666666513,0.004816136718251333,8.793022402050525e-05
PRO  87,R PRO  87,0.0,0.0,0.0,-0.0034739999999999576,0.0012074728430348277,2.204533712350233e-05,-0.02223333333333323,0.010039698977337846,0.0001832989866816495,0.025131000000000066,0.00933544351740509,0.00017044109995993797,0.0,0.0,0.0,-0.0005763333333333254,0.0033009352041841454,6.026655573981926e-05
LEU  88,R LEU  88,0.0,0.0,0.0,-0.04506599999999988,0.019529882505193625,0.0003565652397840017,-0.04659166666666667,0.0345422291872171,0.0006306519370784048,0.05831666666666651,0.0421930056078284,0.0007703353646783195,-5.414399999999999e-06,0.00011159082450022494,2.0373603929791117e-06,-0.03334641440000003,0.014646460849797536,0.0002674065665016798
CYS  89,R CYS  89,0.0,0.0,0.0,-0.008144666666666599,0.003225069232676479,5.888143894175949e-05,-0.02332533333333339,0.01840869789589189,0.00033609530306259587,0.0377766666666668,0.020631063687771293,0.0003766699655706019,0.0,0.0,0.0,0.0063066666666666445,0.007041634911171013,0.000128562076085475
ASN  90,R ASN  90,0.0,0.0,0.0,-0.0031373333333333236,0.0018069697162807186,3.299060247785532e-05,0.004690666666666639,0.016753775083710395,0.0003058806845572062,0.006281333333333339,0.01610756090232858,0.00029408248175312105,0.0,0.0,0.0,0.007834666666666438,0.0035152048146429547,6.417856570769042e-05
ALA  91,R ALA  91,0.0,0.0,0.0,-0.01238666666666671,0.012130257851981345,0.00022146719512947815,0.004173333333333341,0.018168121042700647,0.00033170299075238076,0.006041333333333327,0.025157642143536003,0.0004593136031885763,0.0,0.0,0.0,-0.0021720000000000172,0.02087867530919203,0.00038119071458902077
SER  92,R SER  92,0.0,0.0,0.0,-0.07645766666666669,0.10295026731981906,0.0018796061237417272,-0.14711933333333363,0.14214951433691983,0.0025952831846911668,0.24123000000000047,0.23505384014447933,0.004291476349178157,-0.004451296800000007,0.008471285149609226,0.00015466379891664996,0.01320170319999995,0.050796294879713356,0.0009274092181101057
LEU  93,R LEU  93,0.0,0.0,0.0,-0.07914266666666697,0.06031729143638799,0.0011012380375774295,0.031338666666666556,0.09409046695364819,0.00171784903989025,-0.02287866666666673,0.111262757822293,0.002031370742316808,-0.0013653263999999989,0.0038142176705614336,6.963776858004352e-05,-0.07204799306666672,0.06826455272601237,0.0012463345135345918
HIE  94,R HIE  94,0.0,0.0,0.0,-0.6952243333333334,0.40075453751794526,0.0073167433407043,-0.6348126666666657,0.46262831687315725,0.00844639882973587,1.4863296666666677,0.7044644592311857,0.01286170250938663,-0.08662629839999998,0.05118441710580204,0.0009344953280533688,0.06966636826666676,0.3837089871217681,0.007005535592135056
SER  95,R SER  95,0.0,0.0,0.0,-0.36848066666666707,0.21296468164045937,0.0038881853362128633,0.11899333333333334,0.11826294977248311,0.002159176176916315,0.08900299999999998,0.12561624758631604,0.0022934284130726387,-0.009821760000000013,0.013542083255180502,0.00024724348248251164,-0.1703060933333333,0.13856337008528768,0.0025298094479882863
ILE  96,R ILE  96,0.0,0.0,0.0,-1.3321526666666677,0.5312838507109183,0.009699871649085902,0.08252366666666672,0.08552555625789439,0.0015614758801875293,-0.0014003333333333329,0.0969671391067899,0.0017703696475176724,-0.1953722735999998,0.05777236092031629,0.0010547741758795716,-1.4464016069333325,0.5603330793373527,0.010230235575646665
ALA  97,R ALA  97,0.0,0.0,0.0,-0.04050966666666718,0.01689321086182755,0.0003084264219238079,0.04439100000000013,0.024135301648553032,0.00044064830483680394,-0.0039179999999999935,0.022590660518600727,0.0004124471451659657,0.0,0.0,0.0,-3.666666666664798e-05,0.014671014128394687,0.0002678548459866254
SER  98,R SER  98,0.0,0.0,0.0,-0.04614266666666679,0.016664502579500872,0.0003042507990798552,0.04061300000000006,0.05104064946360593,0.0009318705020310308,-0.07975666666666653,0.06411170555279962,0.0011705142443799187,0.0,0.0,0.0,-0.0852863333333332,0.04368686698031281,0.0007976094170614974
LEU  99,R LEU  99,0.0,0.0,0.0,-0.9181610000000014,0.33853593370915513,0.006180792247285927,-0.029353666666666573,0.0744115218669499,0.0013585623021605796,0.0744086666666667,0.05265194195426723,0.0009612885434934933,-0.0925768536000001,0.029554063671751004,0.0005395809112987327,-0.9656828536000018,0.32192049106015874,0.0058774371558929705
ALA 100,R ALA 100,0.0,0.0,0.0,-0.031528000000000285,0.01076512343945204,0.0001965433647371827,0.011250666666666654,0.014270873585344809,0.0002605493125999326,0.034897000000000365,0.01895748904786645,0.00034611481283911965,0.0,0.0,0.0,0.014619666666666677,0.01209116812204485,0.00022075351756771136
ASN 101,R ASN 101,0.0,0.0,0.0,-0.008445666666666702,0.0019463764338435304,3.553580927375211e-05,0.025574000000000145,0.01873778332674411,0.0003421035535233981,0.00595833333333337,0.018810385355495087,0.0003434290791523164,0.0,0.0,0.0,0.023086666666666887,0.00734655172323926,0.00013412906995655309
TYR 102,R TYR 102,0.0,0.0,0.0,-0.015361000000000034,0.003494378199336636,6.379832547436532e-05,-0.0006969999999999737,0.020801198467075573,0.0003797761874519724,0.02145299999999994,0.02012823367809508,0.0003674895876075951,0.0,0.0,0.0,0.005395000000000008,0.004491804574258902,8.200875630754965e-05
ARG 103,R ARG 103,0.0,0.0,0.0,-0.00811099999999993,0.0014233806003084955,2.598725542347359e-05,-0.10250700000000014,0.15891846950873922,0.0029014410184711134,0.13586433333333306,0.16046208667851197,0.0029296234832723407,0.0,0.0,0.0,0.02524633333333305,0.006401691434474526,0.00011687836016164343
GLN 104,R GLN 104,0.0,0.0,0.0,-0.1344666666666668,0.058097924996413,0.0010607181354926217,0.005929333333333133,0.12460369044650685,0.002274941733531425,0.17091799999999982,0.1444371418391638,0.0026370493575627743,-0.00602262239999998,0.00986641879672957,0.00018013533789205878,0.036358044266666695,0.03681446759742543,0.0006721371448550975
ILE 105,R ILE 105,0.0,0.0,0.0,-0.02634400000000009,0.006857914940659804,0.00012520782368170258,0.03584933333333334,0.05184206110443091,0.0009465022098152664,-0.0021716666666666685,0.05001211383810475,0.000913092096588208,-3.1104000000000003e-06,0.00010118686857413861,1.8474110147122107e-06,0.007330556266666666,0.00830513869510082,0.00015163039355052464
SER 106,R SER 106,0.0,0.0,0.0,-0.04414066666666694,0.022606360746970953,0.0004127337908071776,-0.0743450000000001,0.09588050188472454,0.0017505304569060073,0.17104099999999975,0.10736012909362598,0.0019601188160415202,-0.002447795999999998,0.0075599204825437215,0.00013802463270781788,0.05010753733333342,0.022415390225213678,0.00040924716205434456
LEU 107,R LEU 107,0.0,0.0,0.0,-0.1434676666666666,0.09148552684016473,0.0016702895578534181,-0.14823533333333325,0.05150478247912805,0.0009403443727738428,0.1848136666666665,0.05427372243135288,0.0009908980685142035,-0.008380478399999971,0.016384951640495412,0.0002991469205710205,-0.11526981173333352,0.10586928656210585,0.0019328998799014645
GLY 108,R GLY 108,0.0,0.0,0.0,-0.0057316666666666375,0.001523919471479865,2.7822835678362422e-05,0.06218300000000006,0.023159278435794132,0.0004228286404942468,-0.05297266666666687,0.02242815015901953,0.00040948012550693583,0.0,0.0,0.0,0.003478666666666676,0.003362867559423421,6.139728067328508e-05
SER 109,R SER 109,0.0,0.0,0.0,-0.00353499999999998,0.0008218525820771347,1.500490660491709e-05,-0.03280700000000006,0.013577275782227267,0.0002478860071798158,0.038547000000000414,0.015005769701461216,0.0002739666186072623,0.0,0.0,0.0,0.002205000000000016,0.0036911120727138144,6.739017815016684e-05
ARG 110,R ARG 110,0.0,0.0,0.0,-0.0018216666666666524,0.000639163950450552,1.1669483786862721e-05,-0.4101386666666673,0.14478850819346167,0.0026434644001693507,0.41414866666666617,0.14589954271651864,0.0026637490225175273,0.0,0.0,0.0,0.0021883333333329725,0.003982737403121343,7.271450387697019e-05
SER 111,R SER 111,0.0,0.0,0.0,-0.0009096666666666508,0.00037081876375872773,6.770193388561145e-06,-0.028597666666666455,0.007595643129818992,0.00013867683603203344,0.03543366666666716,0.009528357670073177,0.00017396321439588154,0.0,0.0,0.0,0.0059263333333333355,0.0036394468291516893,6.644690417223435e-05
GLY 112,R GLY 112,0.0,0.0,0.0,-0.0007476666666666616,0.00043893191069026435,8.013763623130025e-06,-0.01895766666666658,0.006534616124065227,0.0001193052218595834,0.024753000000000264,0.006624499301832586,0.0001209462566596977,0.0,0.0,0.0,0.0050476666666666595,0.0017729620851997063,3.2369710922175846e-05
GLN 113,R GLN 113,0.0,0.0,0.0,-0.002947000000000018,0.0009155277166749325,1.6715172748135304e-05,-0.004889666666666656,0.020623841217279296,0.00037653810190362247,0.02650599999999999,0.02354575610734678,0.00042988472511696203,0.0,0.0,0.0,0.018669333333333347,0.0062010208478567,0.00011321463326436417
HID 114,R HID 114,0.0,0.0,0.0,-0.009699333333333272,0.0027752956999611855,5.066973528719435e-05,-0.02481,0.05389243515250232,0.0009839367470636628,0.07930799999999999,0.06308156468150303,0.00115170653129268,0.0,0.0,0.0,0.044798666666666896,0.01268046259233252,0.00023151251338069854
SER 115,R SER 115,0.0,0.0,0.0,-0.04112666666666691,0.012371901856849502,0.00022587899087455075,-0.044167333333333135,0.10179804844014569,0.0018585695813557127,0.046011999999999956,0.10012208475656091,0.0018279708108537515,0.0,0.0,0.0,-0.039281999999999956,0.02331991586605745,0.0004257614652987429
ASN 116,R ASN 116,0.0,0.0,0.0,-0.0633743333333333,0.017412836487934492,0.0003179134444863585,-0.005311333333333281,0.1531597958720094,0.0027963025033995387,0.10901699999999993,0.15377116996043205,0.0028074646160429805,-6.736800000000024e-06,0.00017488593907390049,3.1929657940416477e-06,0.04032459653333345,0.023000013236953935,0.00041992086909323613
LEU 117,R LEU 117,0.0,0.0,0.0,-1.6393536666666693,0.40800197783818964,0.007449062892289977,-0.4980063333333337,0.573284475305719,0.010466694633081855,1.1534086666666674,0.6035949538596928,0.01102008572750812,-0.25828022639999987,0.050202821206329906,0.0009165739208368534,-1.2422315597333342,0.405722349860422,0.007407442770085203
LEU 118,R LEU 118,0.0,0.0,0.0,-1.126888666666667,0.4841950394949935,0.008840151512117091,-0.04231066666666671,0.18259900552729066,0.003333786476843587,0.27157099999999984,0.22486690054118727,0.004105489128755964,-0.15226044480000014,0.05756857337960586,0.0010510535414467181,-1.049888778133336,0.4823113556844248,0.008805760308308565
ARG 119,R ARG 119,0.0,0.0,0.0,-0.2492453333333338,0.11145171366211455,0.002034820588178228,-0.4849616666666665,0.8821653398676991,0.016106061869825005,0.8275586666666662,0.8637834986605308,0.015770456900570204,-0.020913237599999968,0.024438164637465468,0.00044617780119882985,0.0724384290666663,0.087328682247294,0.0015943963061347953
PRO 120,R PRO 120,0.0,0.0,0.0,-0.07848566666666708,0.046722569077718,0.0008530335009486496,0.022998666666666685,0.0730865833439277,0.001334372344948352,0.012345666666666635,0.06614036725950537,0.0012075523703235745,-9.853199999999996e-05,0.000630185517713633,1.1505560782160941e-05,-0.04323986533333333,0.050465472291758975,0.000921369251644944
VAL 121,R VAL 121,0.0,0.0,0.0,-0.40172599999999975,0.21786194770389294,0.003977596772647766,0.03715700000000001,0.06336834397131318,0.0011569423808278241,0.008762333333333334,0.07241802156845277,0.0013221661327645743,-0.09091566719999994,0.0422286004108874,0.0007709852338971652,-0.4467223338666667,0.2306419015601212,0.004210925739678811
SER 122,R SER 122,0.0,0.0,0.0,-0.02424900000000016,0.007466034132432987,0.00013631051031456865,0.017629999999999958,0.03756525566708327,0.0006858445969103428,0.009733333333333361,0.03654757021867376,0.0006672642876923878,0.0,0.0,0.0,0.0031143333333333014,0.009651421029511114,0.00017621003366143236
ASP 123,R ASP 123,0.0,0.0,0.0,-0.005178000000000008,0.0013184521227558965,2.4071532287465827e-05,-0.008538666666666644,0.24415366712698713,0.0044576156994352795,0.03468166666666663,0.2419183836142998,0.004416805192691338,0.0,0.0,0.0,0.020964999999999928,0.008363598208904803,0.00015269771336423217
LYS 124,R LYS 124,0.0,0.0,0.0,-0.004688999999999942,0.0011175623770810846,2.0403804111546816e-05,-0.010764333333333397,0.14787143107405473,0.0026997506136610047,0.029059666666666716,0.14708267099340946,0.0026853498907067046,0.0,0.0,0.0,0.013606333333333354,0.006442620576200989,0.0001176256206344071
VAL 125,R VAL 125,0.0,0.0,0.0,-0.008640666666666666,0.002256740914583618,4.120226351207623e-05,-0.014117666666666681,0.020691829818124455,0.0003777793982481594,0.032181333333333444,0.021385332626722046,0.00039044096931356234,0.0,0.0,0.0,0.009422999999999977,0.0034718973199101134,6.338788264854997e-05
LEU 126,R LEU 126,0.0,0.0,0.0,-0.00481966666666661,0.0010818871886149588,1.975246726267531e-05,0.027488666666666595,0.0218333202137367,0.0003986200662099035,-0.029021666666666737,0.02296052838871269,0.00041919997769118955,0.0,0.0,0.0,-0.0063526666666666644,0.004702583639754645,8.585703793494555e-05
PHE 127,R PHE 127,0.0,0.0,0.0,-0.009533666666666649,0.0027752837492568284,5.0669517098182536e-05,-0.043897000000000144,0.022073129765999292,0.0004029983695858847,0.05468200000000015,0.021887733459633657,0.00039961351161673145,0.0,0.0,0.0,0.0012513333333333584,0.004302499067079792,7.855252642281783e-05
VAL 128,R VAL 128,0.0,0.0,0.0,-0.00680333333333332,0.001790155176389899,3.2683612384779576e-05,0.05090133333333324,0.03315666245099001,0.0006053550651997253,-0.04057333333333327,0.03381862340322099,0.0006174407633905421,0.0,0.0,0.0,0.0035246666666666994,0.005796440708649509,0.00010582804431228555
GLU 129,R GLU 129,0.0,0.0,0.0,-0.004611666666666655,0.001334240316518074,2.435978394965939e-05,0.5125639999999994,0.14227448086006805,0.002597564750813209,-0.4894800000000001,0.14078427563711457,0.0025703574502824213,0.0,0.0,0.0,0.01847233333333353,0.005438740775420311,9.929736690402811e-05
ASN 130,R ASN 130,0.0,0.0,0.0,-0.008419333333333296,0.0032081395785651346,5.8572347160174706e-05,0.0010323333333333645,0.041359287000892704,0.0007551138150906374,0.03429733333333346,0.03801353609205803,0.0006940290402718986,0.0,0.0,0.0,0.026910333333333654,0.008727559408117858,0.00015934270532641956
PHE 131,R PHE 131,0.0,0.0,0.0,-0.31087,0.20149586207496425,0.003678794296746921,-0.18804133333333325,0.07192993089265531,0.0013132548569898342,0.1338519999999998,0.06960268741938114,0.0012707653987525363,-0.04204502400000018,0.02179688055158849,0.0003979547720450221,-0.40710435733333383,0.19631684681475364,0.003584238847290893
ASP 132,R ASP 132,0.0,0.0,0.0,-0.004081333333333291,0.000762923033834804,1.3929005175719974e-05,0.5350649999999979,0.10716780661655453,0.00195660750407461,-0.5370523333333322,0.10739002247830508,0.0019606645920784843,0.0,0.0,0.0,-0.006068666666666765,0.008469944011358949,0.0001546393131942363
ASP 133,R ASP 133,0.0,0.0,0.0,-0.0028900000000000045,0.000642313526766323,1.1726986920020446e-05,0.4483196666666664,0.10578930071871684,0.0019314395448779564,-0.4320846666666645,0.10608469335813811,0.0019368326519423572,0.0,0.0,0.0,0.013345000000000194,0.00504235146864369,9.206032140818175e-05
MET 134,R MET 134,0.0,0.0,0.0,-0.06657199999999984,0.023678136525777195,0.0004323016498285058,-0.08246633333333349,0.0807828459506651,0.001474886232888138,0.11492400000000012,0.07712227233858333,0.0014080536081966263,-0.0006224640000000013,0.0026670629919940026,4.869368543341118e-05,-0.03473679733333337,0.025837306053924033,0.00047172251169663276
LEU 135,R LEU 135,0.0,0.0,0.0,-0.015403333333333262,0.004913178423609968,8.970195505529506e-05,-0.0602800000000002,0.012508914154845126,0.00022838048175014485,0.05897000000000037,0.015878531628164022,0.00028990099842682223,0.0,0.0,0.0,-0.016713333333333413,0.006824648139078074,0.0001246004577602905
ARG 136,R ARG 136,0.0,0.0,0.0,-0.0021970000000000067,0.0004562795195927588,8.330486180285814e-06,-0.3923180000000004,0.10334654425443136,0.0018868411176119326,0.3987970000000001,0.10280762840210833,0.0018770019053147842,0.0,0.0,0.0,0.004282000000000361,0.004846628656430852,8.848692809927111e-05
LEU 137,R LEU 137,0.0,0.0,0.0,-0.0029163333333333446,0.0005391350067986514,9.843213492144082e-06,-0.04638433333333334,0.0093601970005383,0.00017089303466290073,0.060817000000000364,0.011828588715477243,0.0002159594954305981,0.0,0.0,0.0,0.011516333333333413,0.004460089672740792,8.142972407519887e-05
VAL 138,R VAL 138,0.0,0.0,0.0,-0.009199333333333289,0.0012965079594392304,2.367088851232865e-05,-0.05427399999999999,0.009873074023153842,0.00018025684514665473,0.07801333333333331,0.012830399664682631,0.00023424997727177987,0.0,0.0,0.0,0.014539999999999897,0.0052180839395319775,9.52687426879029e-05
GLU 139,R GLU 139,0.0,0.0,0.0,-0.0021789999999999904,0.0004854128826746153,8.862386184816514e-06,0.21740166666666622,0.09112074954269382,0.0016636296660437317,-0.21819400000000014,0.09172683557171186,0.001674695232373129,0.0,0.0,0.0,-0.002971333333333239,0.006091128375669838,0.00011120828040047238
ALA 140,R ALA 140,0.0,0.0,0.0,-0.000732666666666662,0.0004425677600347712,8.080144846519252e-06,-0.015096000000000075,0.004591018478144444,8.382014608009167e-05,0.019425666666666824,0.0047759614622482635,8.719672755495772e-05,0.0,0.0,0.0,0.003597000000000003,0.0014468094783580683,2.6415006256966547e-05
GLY 141,R GLY 141,0.0,0.0,0.0,-0.000953666666666664,0.0003079825031104539,5.622965475683353e-06,-0.015112999999999908,0.004871231637550235,8.893611502396976e-05,0.02548133333333367,0.00555946504220752,0.00010150148037594897,0.0,0.0,0.0,0.009414666666666712,0.001676519675465329,3.060892147845337e-05
VAL 142,R VAL 142,0.0,0.0,0.0,-0.002010999999999943,0.000413375132295368,7.547162822328512e-06,-0.018640333333333366,0.006371889297705797,0.00011633425007597386,0.030225666666666928,0.007991833825153198,0.00014591025539564012,0.0,0.0,0.0,0.009574333333333277,0.0028379231647261147,5.181315112623141e-05
GLY 143,R GLY 143,0.0,0.0,0.0,-0.004136333333333224,0.0006601110175997184,1.2051923159901848e-05,0.009976333333333332,0.016945651552996013,0.00030938385357327883,0.003809333333333333,0.01874574563882581,0.00034224892478796617,0.0,0.0,0.0,0.009649333333333317,0.005136506551690137,9.377935017112545e-05
TRP 144,R TRP 144,0.0,0.0,0.0,-0.47740699999999964,0.15277057314046874,0.0027891963010675857,0.08037466666666664,0.08067244237174312,0.0014728705485346422,0.12238166666666657,0.08384633562191138,0.001530817646142327,-0.021138256799999897,0.013577569997727046,0.000247891378795349,-0.2957889234666664,0.13965047270435496,0.002549657135547823
GLY 145,R GLY 145,0.0,0.0,0.0,-0.07497100000000001,0.012667734301495369,0.00023128012764703207,-0.17023000000000016,0.07131840178616809,0.0013020899141166999,0.22491266666666632,0.08053041892905485,0.001470277567092812,0.0,0.0,0.0,-0.020288333333333346,0.025569393107559076,0.0004668311128909074
ILE 146,R ILE 146,0.0,0.0,0.0,-2.7251490000000054,0.44482279707651307,0.008121316001711641,0.5578823333333339,0.25724831678339316,0.004696690199416641,-0.1623046666666667,0.11117732612762792,0.0020298109801070094,-0.4324112544000001,0.04360149822525728,0.0007960508039664959,-2.7619825877333444,0.4484482406952624,0.008187507243410047
ALA 147,R ALA 147,0.0,0.0,0.0,-0.49823933333333253,0.1538029737019292,0.0028080452702640155,-0.5067293333333319,0.1449488257037306,0.002646391384060596,0.5292253333333339,0.1110731915970498,0.002027909752393248,-0.008235468000000037,0.00680762576704797,0.00012428967318885273,-0.4839788013333338,0.16230559699071803,0.0029632812227052955
PRO 148,R PRO 148,0.0,0.0,0.0,-0.7250036666666666,0.17734984537129658,0.0032379503626637435,0.033256999999999995,0.0762115976585367,0.001391427039369615,0.12310633333333366,0.08710332002793464,0.001590281773763044,-0.039665351999999904,0.012598811767309846,0.000230021780090571,-0.6083056853333328,0.17716791626620426,0.0032346288068395503
HIE 149,R HIE 149,0.0,0.0,0.0,-0.042076333333333785,0.011591139139684755,0.00021162427913287883,0.07110033333333333,0.04736514470813139,0.000864765273204667,-0.04544766666666666,0.0504322971374054,0.0009207635589653384,0.0,0.0,0.0,-0.016423666666666663,0.015499209868749841,0.00028297556228736574
TYR 150,R TYR 150,0.0,0.0,0.0,-0.023671666666666744,0.008857117508284114,0.00016170810179203863,-0.09196266666666685,0.03515895248091899,0.0006419117124017185,0.09869699999999962,0.03765878194613719,0.000687552145335588,0.0,0.0,0.0,-0.0169373333333333,0.013409253256199108,0.0002448183495906617
PHE 151,R PHE 151,0.0,0.0,0.0,-0.027963000000000196,0.0065859672283810336,0.00012024276046580233,-0.06329200000000014,0.029708866286009328,0.0005424072074250679,0.10989400000000035,0.0357254917950736,0.0006522552578042514,0.0,0.0,0.0,0.01863900000000003,0.017012858245064634,0.00031061087428198845
VAL 152,R VAL 152,0.0,0.0,0.0,-0.020061333333333414,0.0035117286658022384,6.41151002032469e-05,-0.03305699999999996,0.019083057520568845,0.0003484073690061387,0.060583333333333246,0.02457255356874562,0.0004486313961702016,0.0,0.0,0.0,0.007465000000000033,0.009883493393869746,0.0001804470759591917
GLU 153,R GLU 153,0.0,0.0,0.0,-0.003940666666666637,0.000726965993396964,1.3272522437422292e-05,0.09349800000000003,0.13933533410206256,0.0025439035181739496,-0.08407166666666667,0.13910674748991206,0.0025397301167133326,0.0,0.0,0.0,0.005485666666666743,0.006262304785158783,0.00011433351976013362
GLU 154,R GLU 154,0.0,0.0,0.0,-0.0014293333333333298,0.0004996727818171646,9.122735132420607e-06,0.12768900000000008,0.0879895994554658,0.0016064629482534301,-0.12254666666666673,0.08681492088857123,0.0015850163499565634,0.0,0.0,0.0,0.003713000000000091,0.0037080944342523293,6.770023223331192e-05
ARG 155,R ARG 155,0.0,0.0,0.0,-0.0038740000000000146,0.0008855077639410931,1.6167085905216547e-05,-0.4224456666666658,0.14295508985186964,0.0026099909140682286,0.4544120000000005,0.1497564141842774,0.002734165539327178,0.0,0.0,0.0,0.028092333333333917,0.011299313012549207,0.0002062962873761618
LEU 156,R LEU 156,0.0,0.0,0.0,-0.005583999999999947,0.0010160104986336016,1.8549728958789844e-05,-0.015772999999999926,0.009763510519616882,0.00017825649840110506,0.020620333333333445,0.0103358366806408,0.00018870569668920953,0.0,0.0,0.0,-0.0007366666666666492,0.003104725788571703,5.668427830895789e-05
ARG 157,R ARG 157,0.0,0.0,0.0,-0.0011553333333333214,0.00040645404277596034,7.420801593918773e-06,-0.0959873333333338,0.09459427663917568,0.0017270473042053497,0.10021000000000005,0.09392147730950547,0.0017147637252208586,0.0,0.0,0.0,0.003067333333333162,0.0028396243100497214,5.184420964847587e-05
ASN 158,R ASN 158,0.0,0.0,0.0,-0.000576999999999998,0.0004940354238311096,9.019811527964135e-06,-0.019802333333333463,0.011189426313364862,0.00020429003991239347,0.02508866666666654,0.011139096532284879,0.00020337114803200003,0.0,0.0,0.0,0.004709333333333068,0.0014508088165643986,2.6488023848656527e-05
GLY 159,R GLY 159,0.0,0.0,0.0,-0.000506,0.0004999639987038979,9.128052001020284e-06,-0.0078009999999999755,0.005482523658559655,0.00010009672932829581,0.014269333333333446,0.005883830347278195,0.00010742355352459076,0.0,0.0,0.0,0.005962333333333327,0.0013948409307954184,2.5466194730938432e-05
THR 160,R THR 160,0.0,0.0,0.0,-0.0012236666666666628,0.00041750036593465667,7.622478939635762e-06,-0.008174333333333278,0.00656799877351452,0.00011991470286400557,0.01954400000000024,0.006739094696865527,0.0001230384727545563,0.0,0.0,0.0,0.010146000000000066,0.0030378749151339112,5.5463753929931175e-05
LEU 161,R LEU 161,0.0,0.0,0.0,-0.006336999999999984,0.0007929466144283925,1.4477158253992732e-05,-0.008083666666666678,0.010650946744564774,0.0001944587930261447,0.03657833333333359,0.011560069083798481,0.00021105702011715022,0.0,0.0,0.0,0.022157666666666728,0.004162227915698436,7.599153729685813e-05
ALA 162,R ALA 162,0.0,0.0,0.0,-0.00795099999999997,0.0014280285944852044,2.607211579873146e-05,0.023852666666666716,0.019762733268002604,0.00036081649362809383,-0.02311633333333341,0.02033193218942923,0.00037120859659385964,0.0,0.0,0.0,-0.0072146666666666375,0.005218612672178546,9.527839598115008e-05
VAL 163,R VAL 163,0.0,0.0,0.0,-0.047045666666666916,0.010124800305298618,0.0001848527172482415,0.006988333333333286,0.034682207694372115,0.0006332075832762282,-0.0007000000000000071,0.03588869831390754,0.0006552349875341594,0.0,0.0,0.0,-0.04075733333333341,0.032169754628981626,0.0005873366759899823
LEU 164,R LEU 164,0.0,0.0,0.0,-0.5596253333333338,0.22173607500409723,0.004048328336413382,-0.3752990000000001,0.1868180119768946,0.003410814643600515,0.7900749999999999,0.24627501844144548,0.004496346098346015,-0.024618033599999988,0.0159462503581648,0.0002911373676263898,-0.1694673669333334,0.2609062293857679,0.004763474240940077
SER 165,R SER 165,0.0,0.0,0.0,-0.823760666666667,0.21799407649342487,0.0039800091032651825,-0.06870366666666662,0.10899330493149074,0.0019899363909338845,0.11789233333333367,0.07431353448658441,0.0013567733055413458,-0.038877900000000014,0.01686802095646548,0.0003079665192775337,-0.8134498999999987,0.2572526246164606,0.004696768849328141
GLU 166,R GLU 166,0.0,0.0,0.0,-0.08175433333333343,0.020620377814728117,0.00037647486911352243,-0.5674806666666674,0.23452751855497753,0.004281867075609086,0.6451713333333334,0.23615452987021515,0.004311572102231479,0.0,0.0,0.0,-0.004063666666666558,0.02927756159966546,0.0005345326972294603
LEU 167,R LEU 167,0.0,0.0,0.0,-0.12746099999999974,0.041004851082930956,0.0007486427301753808,0.13503366666666652,0.06003293984601765,0.0010960465115671526,-0.13445366666666617,0.05820521614559757,0.0010626769949135897,-0.004103721600000005,0.009141886336038837,0.0001669072454798908,-0.13098472159999996,0.06321941165487452,0.0011542232611859925
TYR 168,R TYR 168,0.0,0.0,0.0,-2.4686983333333337,0.39331973591963765,0.007181003055838683,0.05998066666666684,0.6015925749981371,0.010983527458469937,0.9056686666666692,0.3875803910823559,0.007076217434749349,-0.34856232480000016,0.05680431908940887,0.0010371002309663517,-1.8516113248000041,0.41688113267352983,0.00761117333878654
GLU 169,R GLU 169,0.0,0.0,0.0,-0.15204500000000012,0.050590008647953134,0.0009236429640288454,-0.7574509999999995,1.0179293722711493,0.018584762637999408,0.9696219999999995,1.0274002669112654,0.018757676725804286,-1.4860800000000007e-05,0.0003381795293381315,6.174285223499158e-06,0.06011113920000025,0.07833247940189932,0.0014301488651243012
PRO 170,R PRO 170,0.0,0.0,0.0,-0.01938433333333354,0.0028563300268374895,5.214921291260765e-05,-0.015110333333333323,0.03413853384699192,0.000623281502271703,0.04928566666666662,0.03364654605189392,0.0006142990751586228,0.0,0.0,0.0,0.014790999999999992,0.007752805019260205,0.00014154620643293627
GLY 171,R GLY 171,0.0,0.0,0.0,-0.007825666666666769,0.0012481751568671766,2.278845630445673e-05,0.01969333333333324,0.019610812210501462,0.0003580428072896467,0.0008643333333333333,0.018181508771887612,0.0003319474161280298,0.0,0.0,0.0,0.01273199999999997,0.007334314964603027,0.00013390565833202607
GLY 172,R GLY 172,0.0,0.0,0.0,-0.030397333333333654,0.006218745282519596,0.00011353823568716065,0.07474400000000006,0.04796544378334593,0.0008757251846961501,-0.041745999999999964,0.052982514260209994,0.000967323940455205,0.0,0.0,0.0,0.0026006666666666843,0.02159885489763031,0.00039433933479043524
ILE 173,R ILE 173,0.0,0.0,0.0,-1.5145399999999973,0.44465316866070226,0.008118219024720527,-0.12927433333333335,0.293637896750213,0.005361069992948819,0.13371033333333415,0.28882973027931513,0.00527328528507046,-0.18525880079999965,0.03128382306703852,0.0005711618526272483,-1.6953628007999981,0.46682649664009024,0.008523046755029568
ASP 174,R ASP 174,0.0,0.0,0.0,-0.1434053333333337,0.07388835522747843,0.001349010629834823,-0.6162963333333333,0.9325295898003592,0.01702558306248987,0.8172263333333327,0.9049112831874156,0.016521344078089764,-0.006146176800000004,0.00950113645659411,0.00017346622530704325,0.05137848986666655,0.05541120053663447,0.001011665482411902
THR 175,R THR 175,0.0,0.0,0.0,-0.8104433333333325,0.4702955511755956,0.008586382735773298,-2.3750343333333355,1.32630031785963,0.024214820070599708,1.1590733333333327,0.41976871721885584,0.007663893178525819,-0.10657772160000036,0.03829826491219882,0.0006992274535239968,-2.132982054933335,1.2353238474203372,0.02255382456853962
LYS 176,R LYS 176,0.0,0.0,0.0,-0.07018033333333305,0.029336788279489275,0.0005356140235143149,0.1454683333333334,0.3324663326271631,0.0060699769996971,-0.040905000000000045,0.35107161943825677,0.006409661508873413,-0.00043195440000000026,0.001462164664598568,2.6695352319587036e-05,0.033951045600000035,0.015710271560674248,0.00028682900394377256
VAL 177,R VAL 177,0.0,0.0,0.0,-0.021557666666666638,0.0071580729172656225,0.00013068793350177305,-0.03926699999999999,0.01750656194116946,0.000319624629317998,0.05416133333333356,0.017948258176088007,0.00032768886236566436,0.0,0.0,0.0,-0.006663333333333353,0.008963071770077293,0.00016364255310030303
TYR 178,R TYR 178,0.0,0.0,0.0,-0.020465333333333148,0.005648610291233709,0.00010312904250215094,0.021953333333333314,0.03633885646094115,0.0006634537132533272,-0.01760633333333332,0.03414576635380861,0.0006234135491760634,0.0,0.0,0.0,-0.016118333333333387,0.009337183580835365,0.00017047286902634637
CYS 179,R CYS 179,0.0,0.0,0.0,-0.001406333333333315,0.0005111032728868234,9.331426392494391e-06,-0.007893333333333323,0.0049525032951921516,9.041992569651359e-05,0.014472666666666816,0.005891399343298273,0.0001075617438531862,0.0,0.0,0.0,0.005173000000000037,0.0025444850821596523,4.645572922447425e-05
TYR 180,R TYR 180,0.0,0.0,0.0,-0.004054333333333337,0.000728043878408804,1.3292201835268343e-05,0.001761666666666713,0.009646874997750372,0.00017612703485668255,-0.006708666666666694,0.010173255373226678,0.0001857373817058963,0.0,0.0,0.0,-0.009001333333333306,0.003504282839929157,6.397915864358215e-05
TYR 181,R TYR 181,0.0,0.0,0.0,-0.0005076666666666809,0.0004999412187669957,9.127636098176954e-06,-0.0020119999999999956,0.0032306639152553792,5.8983583403444316e-05,0.0008949999999999954,0.003268227093292835,5.966939006820089e-05,0.0,0.0,0.0,-0.0016246666666666811,0.0009580143817060117,1.7490869575824904e-05
ASN 182,R ASN 182,0.0,0.0,0.0,-0.00015200000000000483,0.0003590208907570816,6.554794682775052e-06,-0.008790666666666728,0.004964290438275611,9.063512850169198e-05,0.008931666666666657,0.004958393276948549,9.052746155888936e-05,0.0,0.0,0.0,-1.0999999999898573e-05,0.0007203325620853609,1.3151413105321423e-05
THR 183,R THR 183,0.0,0.0,0.0,-0.00010966666666666954,0.00031247382112569653,5.704965348679277e-06,-0.0018370000000000081,0.0025730198211439295,4.697669989828127e-05,0.001755666666666665,0.002600891107977332,4.7485557648459646e-05,0.0,0.0,0.0,-0.00019100000000002234,0.0006766478650918279,1.2353843306616885e-05
ALA 184,R ALA 184,0.0,0.0,0.0,-4.066666666666632e-05,0.00019751680659854806,3.6061470153470002e-06,-0.0028689999999999766,0.0016700815349357605,3.0491377651905604e-05,0.00288433333333334,0.001659604738752245,3.030009839856909e-05,0.0,0.0,0.0,-2.5333333333343423e-05,0.0006142948984178693,1.1215439094127052e-05
LEU 185,R LEU 185,0.0,0.0,0.0,-0.00011866666666666869,0.0003233958702409361,5.904373771165811e-06,-0.0027613333333333756,0.0020188375092831897,3.6858761459064936e-05,0.0029659999999999964,0.0019958734094793727,3.6439496276553253e-05,0.0,0.0,0.0,8.599999999997158e-05,0.0006722628454208234,1.227378416698645e-05
GLU 186,R GLU 186,0.0,0.0,0.0,-7.966666666666735e-05,0.0002707764555660076,4.9436790918265875e-06,0.03393766666666683,0.026117856877792917,0.0004768446455219543,-0.03400633333333356,0.02601908837543862,0.00047504138763160595,0.0,0.0,0.0,-0.00014833333333358448,0.0006436851369694945,1.1752028981633156e-05
SER 187,R SER 187,0.0,0.0,0.0,-3.500000000000018e-05,0.00018377975949489193,3.3553439962742183e-06,-0.0015896666666666743,0.0015584051320358362,2.8452454818261474e-05,0.0015323333333333326,0.001536756721873127,2.8057210732253478e-05,0.0,0.0,0.0,-9.233333333333001e-05,0.0006146607917290148,1.122211936146554e-05
GLU 188,R GLU 188,0.0,0.0,0.0,-5.800000000000072e-05,0.00023374344910606865,4.267551991481818e-06,0.04550166666666679,0.020527461213917002,0.0003747784518391574,-0.04536666666666672,0.0204493901022882,0.0003733530748748708,0.0,0.0,0.0,7.700000000002423e-05,0.0006183884970899253,1.1290177638595662e-05
ARG 189,R ARG 189,0.0,0.0,0.0,-5.700000000000042e-05,0.00023184261903282742,4.232847741178537e-06,-0.022229666666667328,0.023704168126208174,0.0004327769196539727,0.022259999999999957,0.02363911447862091,0.00043158920797958816,0.0,0.0,0.0,-2.6666666667343483e-05,0.0006281896387418278,1.1469121184330676e-05
SER 190,R SER 190,0.0,0.0,0.0,-4.766666666666577e-05,0.00021305998112164045,3.889925258731577e-06,0.0003503333333333695,0.002477687071085108,4.5236169975740655e-05,-0.00015400000000000176,0.0024748637672944033,4.518462373664536e-05,0.0,0.0,0.0,0.00014866666666669943,0.000609287744465278,1.1124021388502539e-05
PHE 191,R PHE 191,0.0,0.0,0.0,-0.00023266666666666724,0.00042253152413623677,7.714334900881847e-06,-0.0009209999999999917,0.0025746376444074925,4.700623717479827e-05,0.0008409999999999996,0.0025639264810052697,4.681067898104757e-05,0.0,0.0,0.0,-0.0003126666666666661,0.0007354632704780482,1.3427660781911676e-05
LEU 192,R LEU 192,0.0,0.0,0.0,-0.0001076666666666659,0.00030995895785660717,5.659050437295229e-06,-0.0015139999999999685,0.002863529989366316,5.228066564228199e-05,0.001293999999999999,0.00284257465454589,5.189807532290797e-05,0.0,0.0,0.0,-0.0003276666666666263,0.0006685565711956622,1.2206117167072426e-05
ARG 193,R ARG 193,0.0,0.0,0.0,-9.833333333333161e-05,0.0002977648214428387,5.436416984524691e-06,-0.0369889999999999,0.02545648991907539,0.0004647697921193484,0.03708000000000019,0.02538081164974782,0.00046338810227855966,0.0,0.0,0.0,-7.333333333349401e-06,0.000652645556349279,1.1915623108933637e-05
PHE 194,R PHE 194,0.0,0.0,0.0,-0.00036666666666667084,0.0004818944098267042,8.798147953257503e-06,-0.0038640000000000102,0.0038368612171930704,7.005118128911244e-05,0.004156666666666675,0.003820574418708303,6.975382639179083e-05,0.0,0.0,0.0,-7.400000000002393e-05,0.0008425303159728482,1.538242864800947e-05
LEU 195,R LEU 195,0.0,0.0,0.0,-0.00039133333333333744,0.00048804872252220747,8.910509816233088e-06,-0.002871333333333338,0.004859641093286154,8.872450160572978e-05,0.0032356666666666705,0.004793967864815979,8.752547798381961e-05,0.0,0.0,0.0,-2.700000000001005e-05,0.0008541687967454107,1.5594917263150225e-05
GLU 196,R GLU 196,0.0,0.0,0.0,-0.00019366666666666618,0.00039517070854111654,7.214797037775631e-06,-0.011458999999999978,0.062157732039814076,0.001134839732052259,0.0112853333333333,0.06180152035526532,0.0011283362262231168,0.0,0.0,0.0,-0.000367333333333292,0.0008526817825085081,1.5567768221787462e-05
SER 197,R SER 197,0.0,0.0,0.0,-0.00014600000000000016,0.00035310621631458127,6.446807995693162e-06,-0.004772000000000013,0.0057018724409910035,0.00010410147186492722,0.005632666666666654,0.005602178108160792,0.00010228131070004274,0.0,0.0,0.0,0.0007146666666666664,0.0008644371322169937,1.578239056201077e-05
ALA 198,R ALA 198,0.0,0.0,0.0,-0.00031999999999999845,0.00046647615158762555,8.51665035875806e-06,-0.0040003333333333505,0.005706516732843417,0.0001041862646453007,0.006603333333333381,0.005852633785076752,0.00010685398483011264,0.0,0.0,0.0,0.0022830000000000007,0.0015221402694890048,2.779035204287068e-05
ARG 199,R ARG 199,0.0,0.0,0.0,-0.0008460000000000121,0.0004369790231425628,7.978108937725122e-06,0.02502833333333378,0.0746251177367395,0.0013624620113630362,-0.01755033333333337,0.07484612748759205,0.0013664970788953876,0.0,0.0,0.0,0.006632000000000403,0.0018906549129866584,3.451847814335866e-05
GLN 200,R GLN 200,0.0,0.0,0.0,-0.0003040000000000046,0.0004599826083668916,8.398095022087036e-06,-0.006428666666666705,0.008415951811226603,0.00015365355499617566,0.007678666666666646,0.008470659845739383,0.00015465238248215635,0.0,0.0,0.0,0.0009459999999998748,0.0012488997824752276,2.2801686097499243e-05
ARG 201,R ARG 201,0.0,0.0,0.0,-0.0004566666666666591,0.0004981186828680559,9.094361297386545e-06,-0.03666200000000004,0.05927971341586134,0.0010822945413436293,0.04093333333333336,0.05922728162670417,0.0010813372722219047,0.0,0.0,0.0,0.00381466666666653,0.002413638654719228,4.4066811228538135e-05
LEU 202,R LEU 202,0.0,0.0,0.0,-0.0022703333333333434,0.0016227301754211765,2.9626864060749786e-05,-0.006895666666666649,0.009156388364900736,0.00016717201509113257,0.012201333333333418,0.008723003967798064,0.0001592595347456689,0.0,0.0,0.0,0.003035333333333306,0.00224114960579506,4.091760646125884e-05
ARG 203,R ARG 203,0.0,0.0,0.0,-0.0010466666666666677,0.0007297183627187556,1.3322773596226642e-05,0.06275399999999988,0.11913428341161998,0.002175084479891926,-0.05775933333333334,0.1185961638483958,0.002165259805778169,0.0,0.0,0.0,0.003947999999999979,0.00347024917453165,6.335779176848889e-05
GLU 204,R GLU 204,0.0,0.0,0.0,-0.0005023333333333308,0.0004999945555259024,9.128609889710201e-06,-0.043248333333333305,0.1069050201372956,0.0019518097013246942,0.04467766666666677,0.10625484664030872,0.0019399392116383034,0.0,0.0,0.0,0.0009269999999999191,0.0016075875300172596,2.935039844514888e-05
LEU 205,R LEU 205,0.0,0.0,0.0,-0.00177233333333332,0.0009351477007522274,1.707338301003619e-05,-0.010565000000000012,0.01313168337774454,0.00023975064013354394,0.017497333333333268,0.013028890700627212,0.00023787391120009372,0.0,0.0,0.0,0.005160000000000019,0.0024320910070691586,4.440370354924115e-05
GLY 206,R GLY 206,0.0,0.0,0.0,-0.0008509999999999947,0.0005454041315086069,9.957671526125938e-06,-0.011036999999999998,0.011410476078294603,0.00020832583799850125,0.014444999999999973,0.011424315077938042,0.00020857850240776853,0.0,0.0,0.0,0.00255699999999999,0.0021288692616817243,3.8867657220081626e-05
ARG 207,R ARG 207,0.0,0.0,0.0,-0.0009863333333333176,0.0006880987493731813,1.2562906894092838e-05,0.07283733333333388,0.13499857853407976,0.0024647255564749396,-0.06648633333333348,0.13409789389306456,0.0024482813799721905,0.0,0.0,0.0,0.005364666666667603,0.0064962823898664,0.00011860534682844657
GLN 208,R GLN 208,0.0,0.0,0.0,-0.000981666666666665,0.0007469921165730354,1.363814775085267e-05,-0.0019866666666667025,0.01987887879690955,0.0003629370111659506,0.00925299999999998,0.020167853736412604,0.00036821294759660104,0.0,0.0,0.0,0.006284666666666794,0.004165608985757475,7.605326690818617e-05
ARG 209,R ARG 209,0.0,0.0,0.0,-0.0028976666666666504,0.0021951145502886256,4.007712518336295e-05,0.1491153333333334,0.2957232197481665,0.005399142607804267,-0.13022100000000003,0.2855482834110549,0.0052133745360371,0.0,0.0,0.0,0.01599666666666646,0.013095622254105923,0.00023909225710468216
PHE 210,R PHE 210,0.0,0.0,0.0,-0.002515333333333317,0.0022628370589937255,4.1313563372317055e-05,-0.0013403333333333318,0.010528778334746131,0.0001922283132304045,0.0005033333333333259,0.011083199999197909,0.00020235062163006444,0.0,0.0,0.0,-0.0033523333333333287,0.005947396732091182,0.00010858411161996163
ASP 211,R ASP 211,0.0,0.0,0.0,-0.0007173333333333286,0.0007197913277857402,1.3141531564161498e-05,-0.2535793333333335,0.3329600932637751,0.006078991794319784,0.2621716666666665,0.33399589148753867,0.006097902796059087,0.0,0.0,0.0,0.007875000000000397,0.007302376896143943,0.0001333225516474199
OT8 212,L OT8   1,0.0,0.0,0.0,-23.4590466666667,1.3815515147177968,0.025223564298878925,-5.8561466666666755,1.5618191450427665,0.028514785882778535,15.240176000000002,1.3296259217126163,0.0242755370121866,-4.414288439999996,0.08106751843271039,0.0014800836175520443,-18.489305773333374,1.3285945649044109,0.024256707099230244

