#Res        AtomicFlx
   1.000       5.8664
   2.000       4.1242
   3.000       2.8436
   4.000       1.2117
   5.000       0.9489
   6.000       0.6617
   7.000       0.5348
   8.000       0.4983
   9.000       0.6153
  10.000       0.5992
  11.000       0.6828
  12.000       0.6713
  13.000       0.6409
  14.000       0.7137
  15.000       0.9134
  16.000       0.9346
  17.000       0.7476
  18.000       0.7657
  19.000       0.8084
  20.000       0.7556
  21.000       0.7883
  22.000       0.9049
  23.000       0.8147
  24.000       0.6758
  25.000       0.8791
  26.000       0.9850
  27.000       1.1382
  28.000       1.7542
  29.000       1.9813
  30.000       2.7145
  31.000       1.6783
  32.000       1.0814
  33.000       0.8798
  34.000       0.8189
  35.000       0.7572
  36.000       0.7926
  37.000       0.7278
  38.000       0.7281
  39.000       0.6729
  40.000       0.6850
  41.000       0.6166
  42.000       0.6067
  43.000       0.6436
  44.000       0.6179
  45.000       0.6890
  46.000       0.8653
  47.000       1.0215
  48.000       1.2146
  49.000       1.6178
  50.000       1.6418
  51.000       1.2036
  52.000       0.8469
  53.000       0.6366
  54.000       0.6522
  55.000       0.5142
  56.000       0.4735
  57.000       0.4386
  58.000       0.4517
  59.000       0.5036
  60.000       0.5717
  61.000       0.7439
  62.000       0.7619
  63.000       1.1070
  64.000       1.2706
  65.000       1.0073
  66.000       1.2954
  67.000       0.9553
  68.000       0.6594
  69.000       0.7248
  70.000       0.6682
  71.000       0.5328
  72.000       0.5125
  73.000       0.5071
  74.000       0.6291
  75.000       0.5903
  76.000       0.5299
  77.000       0.4972
  78.000       0.5050
  79.000       0.4131
  80.000       0.3799
  81.000       0.3887
  82.000       0.4098
  83.000       0.5421
  84.000       0.6729
  85.000       0.7771
  86.000       0.7022
  87.000       0.8326
  88.000       0.7122
  89.000       0.7223
  90.000       1.0395
  91.000       1.0772
  92.000       1.4848
  93.000       1.1259
  94.000       1.0343
  95.000       0.7874
  96.000       0.7196
  97.000       0.8375
  98.000       0.7216
  99.000       0.5722
 100.000       0.6786
 101.000       0.7476
 102.000       0.5831
 103.000       0.5832
 104.000       0.4926
 105.000       0.4446
 106.000       0.5383
 107.000       0.6027
 108.000       0.6683
 109.000       0.8715
 110.000       1.1858
 111.000       1.2833
 112.000       1.1594
 113.000       1.2128
 114.000       1.4074
 115.000       1.2185
 116.000       1.3630
 117.000       1.0815
 118.000       0.9975
 119.000       0.8221
 120.000       0.6876
 121.000       0.7098
 122.000       0.8017
 123.000       1.1056
 124.000       0.8438
 125.000       0.6617
 126.000       0.6136
 127.000       0.6347
 128.000       0.6478
 129.000       0.7901
 130.000       0.7156
 131.000       0.6584
 132.000       0.7186
 133.000       0.7076
 134.000       0.5996
 135.000       0.5423
 136.000       0.6060
 137.000       0.5799
 138.000       0.4750
 139.000       0.6324
 140.000       0.7529
 141.000       0.6807
 142.000       0.6643
 143.000       0.5361
 144.000       0.4106
 145.000       0.4708
 146.000       0.4661
 147.000       0.4763
 148.000       0.5050
 149.000       0.6623
 150.000       0.8675
 151.000       0.7089
 152.000       0.6530
 153.000       0.7902
 154.000       0.9858
 155.000       0.7229
 156.000       0.7848
 157.000       1.0892
 158.000       1.0592
 159.000       0.9320
 160.000       0.7288
 161.000       0.5487
 162.000       0.5710
 163.000       0.4989
 164.000       0.4708
 165.000       0.4966
 166.000       0.6780
 167.000       0.7068
 168.000       0.5840
 169.000       0.6338
 170.000       0.8527
 171.000       0.8283
 172.000       0.6003
 173.000       0.4913
 174.000       0.5177
 175.000       0.5402
 176.000       0.5182
 177.000       0.5005
 178.000       0.4869
 179.000       0.4562
 180.000       0.4972
 181.000       0.5557
 182.000       0.6341
 183.000       1.0847
 184.000       1.1672
 185.000       0.7541
 186.000       1.2407
 187.000       1.8387
 188.000       1.1577
 189.000       1.2767
 190.000       0.7401
 191.000       0.6684
 192.000       0.6787
 193.000       0.6815
 194.000       0.6097
 195.000       0.5694
 196.000       0.6427
 197.000       0.6718
 198.000       0.5748
 199.000       0.6821
 200.000       0.8797
 201.000       0.8744
 202.000       0.8922
 203.000       1.2621
 204.000       1.2700
 205.000       1.3896
 206.000       1.5468
 207.000       1.4770
 208.000       1.7176
 209.000       1.6809
 210.000       1.8136
 211.000       2.1257
