#Res        AtomicFlx
   1.000       5.8703
   2.000       4.1102
   3.000       2.2098
   4.000       1.4076
   5.000       0.8954
   6.000       0.7259
   7.000       0.5847
   8.000       0.5782
   9.000       0.6109
  10.000       0.6187
  11.000       0.7611
  12.000       0.7481
  13.000       0.6706
  14.000       0.7814
  15.000       1.1212
  16.000       1.2956
  17.000       1.0802
  18.000       1.0206
  19.000       1.2676
  20.000       1.2514
  21.000       1.0991
  22.000       1.1715
  23.000       1.1626
  24.000       0.9304
  25.000       0.9350
  26.000       1.1826
  27.000       1.2623
  28.000       1.1342
  29.000       1.0612
  30.000       1.4780
  31.000       1.3412
  32.000       1.1132
  33.000       0.9397
  34.000       0.8987
  35.000       0.6970
  36.000       0.7841
  37.000       0.6897
  38.000       0.8082
  39.000       0.9143
  40.000       1.1106
  41.000       0.8302
  42.000       0.6327
  43.000       0.6477
  44.000       0.7120
  45.000       0.7041
  46.000       0.8222
  47.000       1.0914
  48.000       1.4833
  49.000       2.0393
  50.000       2.1513
  51.000       1.8138
  52.000       1.0284
  53.000       0.6973
  54.000       0.6031
  55.000       0.5076
  56.000       0.5406
  57.000       0.5422
  58.000       0.5694
  59.000       0.6090
  60.000       0.6343
  61.000       0.7610
  62.000       0.8721
  63.000       1.0010
  64.000       1.2841
  65.000       1.1128
  66.000       1.7259
  67.000       1.1977
  68.000       0.7874
  69.000       0.7438
  70.000       0.6960
  71.000       0.5675
  72.000       0.6076
  73.000       0.6269
  74.000       0.8895
  75.000       0.7480
  76.000       0.6323
  77.000       0.5585
  78.000       0.5349
  79.000       0.4736
  80.000       0.4362
  81.000       0.4268
  82.000       0.4523
  83.000       0.5708
  84.000       0.7555
  85.000       0.8864
  86.000       0.7804
  87.000       0.9882
  88.000       0.8722
  89.000       0.9156
  90.000       1.3254
  91.000       1.5822
  92.000       1.9536
  93.000       2.2173
  94.000       1.5170
  95.000       1.4377
  96.000       1.2467
  97.000       1.3264
  98.000       1.1153
  99.000       0.9392
 100.000       1.1263
 101.000       1.1265
 102.000       0.7267
 103.000       0.7103
 104.000       0.5919
 105.000       0.5779
 106.000       0.7159
 107.000       0.8559
 108.000       0.9147
 109.000       0.9703
 110.000       1.3809
 111.000       1.6396
 112.000       1.5208
 113.000       1.5915
 114.000       1.3841
 115.000       0.9966
 116.000       1.1861
 117.000       0.8267
 118.000       0.8327
 119.000       0.7606
 120.000       0.7485
 121.000       0.7980
 122.000       0.8351
 123.000       1.2208
 124.000       0.9224
 125.000       0.7656
 126.000       0.7523
 127.000       0.8217
 128.000       0.8859
 129.000       1.1139
 130.000       0.9330
 131.000       0.8412
 132.000       0.8956
 133.000       0.8458
 134.000       0.7323
 135.000       0.6800
 136.000       0.7632
 137.000       0.6823
 138.000       0.5488
 139.000       0.7066
 140.000       0.8276
 141.000       0.7366
 142.000       0.7389
 143.000       0.5913
 144.000       0.4767
 145.000       0.5388
 146.000       0.5080
 147.000       0.5581
 148.000       0.5892
 149.000       0.7297
 150.000       1.0607
 151.000       0.8778
 152.000       0.7710
 153.000       0.9579
 154.000       1.2727
 155.000       0.9501
 156.000       0.9541
 157.000       1.4521
 158.000       1.4088
 159.000       1.1520
 160.000       0.8743
 161.000       0.6220
 162.000       0.6362
 163.000       0.5970
 164.000       0.6023
 165.000       0.6537
 166.000       0.9023
 167.000       1.1659
 168.000       0.8442
 169.000       0.7964
 170.000       0.9742
 171.000       1.0402
 172.000       0.6999
 173.000       0.5240
 174.000       0.5603
 175.000       0.5459
 176.000       0.6334
 177.000       0.6561
 178.000       0.6031
 179.000       0.5640
 180.000       0.5257
 181.000       0.5191
 182.000       0.7233
 183.000       1.1234
 184.000       1.2921
 185.000       0.9326
 186.000       1.3680
 187.000       1.5007
 188.000       1.0137
 189.000       0.9665
 190.000       0.8410
 191.000       0.6742
 192.000       0.7462
 193.000       0.7873
 194.000       0.6661
 195.000       0.6352
 196.000       0.7748
 197.000       0.9021
 198.000       0.8376
 199.000       0.8163
 200.000       1.0951
 201.000       1.2063
 202.000       1.1566
 203.000       1.2376
 204.000       1.5046
 205.000       1.6979
 206.000       1.8771
 207.000       1.9761
 208.000       2.2933
 209.000       2.7557
 210.000       3.2621
 211.000       4.5121
