#Res        AtomicFlx
   1.000       6.2158
   2.000       3.9728
   3.000       2.3826
   4.000       1.5074
   5.000       0.7311
   6.000       0.6891
   7.000       0.5691
   8.000       0.5160
   9.000       0.6110
  10.000       0.5443
  11.000       0.6683
  12.000       0.6921
  13.000       0.6420
  14.000       0.7095
  15.000       0.7863
  16.000       0.8240
  17.000       0.6628
  18.000       0.6045
  19.000       0.7001
  20.000       0.6775
  21.000       0.6030
  22.000       0.7093
  23.000       0.7640
  24.000       0.6309
  25.000       0.6508
  26.000       0.8833
  27.000       1.0191
  28.000       0.9472
  29.000       0.9246
  30.000       1.2879
  31.000       1.1314
  32.000       0.8037
  33.000       0.8986
  34.000       0.9045
  35.000       0.7991
  36.000       0.7518
  37.000       0.6704
  38.000       0.5820
  39.000       0.5187
  40.000       0.5994
  41.000       0.5035
  42.000       0.5009
  43.000       0.5484
  44.000       0.6375
  45.000       0.6768
  46.000       0.8080
  47.000       1.0511
  48.000       1.4091
  49.000       1.9452
  50.000       1.8516
  51.000       1.6946
  52.000       0.9735
  53.000       0.6490
  54.000       0.5457
  55.000       0.4718
  56.000       0.4697
  57.000       0.4604
  58.000       0.4453
  59.000       0.5159
  60.000       0.5399
  61.000       0.6830
  62.000       0.7835
  63.000       1.0618
  64.000       1.2093
  65.000       0.9100
  66.000       1.3845
  67.000       0.8791
  68.000       0.6164
  69.000       0.6358
  70.000       0.6538
  71.000       0.5384
  72.000       0.5592
  73.000       0.5443
  74.000       0.6569
  75.000       0.6498
  76.000       0.6930
  77.000       0.6197
  78.000       0.5492
  79.000       0.4824
  80.000       0.4342
  81.000       0.4579
  82.000       0.4862
  83.000       0.6492
  84.000       0.8450
  85.000       1.1439
  86.000       0.9910
  87.000       1.1351
  88.000       1.0669
  89.000       1.1142
  90.000       1.6149
  91.000       2.1887
  92.000       3.0703
  93.000       2.3392
  94.000       1.4451
  95.000       1.4930
  96.000       1.0900
  97.000       1.3263
  98.000       1.2346
  99.000       0.8960
 100.000       1.0559
 101.000       1.0776
 102.000       0.6471
 103.000       0.6119
 104.000       0.5348
 105.000       0.5491
 106.000       0.7099
 107.000       0.8889
 108.000       1.1212
 109.000       0.9055
 110.000       1.1092
 111.000       1.2524
 112.000       1.2782
 113.000       1.2857
 114.000       1.6606
 115.000       1.3134
 116.000       1.3283
 117.000       0.9716
 118.000       0.9160
 119.000       0.8455
 120.000       0.7993
 121.000       0.8011
 122.000       0.7560
 123.000       1.0875
 124.000       0.8739
 125.000       0.7757
 126.000       0.8035
 127.000       0.9094
 128.000       1.0484
 129.000       1.3987
 130.000       1.4813
 131.000       1.3300
 132.000       1.2873
 133.000       1.0863
 134.000       0.8509
 135.000       0.8776
 136.000       0.9047
 137.000       0.7418
 138.000       0.6259
 139.000       0.8201
 140.000       0.8707
 141.000       0.7241
 142.000       0.7125
 143.000       0.5514
 144.000       0.4390
 145.000       0.4884
 146.000       0.4938
 147.000       0.5280
 148.000       0.5763
 149.000       0.6882
 150.000       0.8208
 151.000       0.8514
 152.000       0.8018
 153.000       0.8109
 154.000       1.0012
 155.000       0.8276
 156.000       0.8250
 157.000       1.1200
 158.000       1.1354
 159.000       1.0011
 160.000       0.8438
 161.000       0.6491
 162.000       0.6529
 163.000       0.5819
 164.000       0.5572
 165.000       0.5965
 166.000       0.9033
 167.000       1.0834
 168.000       0.8307
 169.000       0.7277
 170.000       0.8948
 171.000       1.2597
 172.000       0.7285
 173.000       0.5854
 174.000       0.6450
 175.000       0.5880
 176.000       0.5836
 177.000       0.5390
 178.000       0.5203
 179.000       0.4685
 180.000       0.4486
 181.000       0.4664
 182.000       0.5587
 183.000       0.8651
 184.000       1.0511
 185.000       0.8082
 186.000       1.0990
 187.000       1.2889
 188.000       0.8843
 189.000       0.8140
 190.000       0.7597
 191.000       0.6281
 192.000       0.6623
 193.000       0.6564
 194.000       0.5760
 195.000       0.5587
 196.000       0.6812
 197.000       0.6963
 198.000       0.6211
 199.000       0.7104
 200.000       0.8785
 201.000       0.8062
 202.000       0.8224
 203.000       1.1515
 204.000       1.3819
 205.000       1.4073
 206.000       1.7850
 207.000       2.1698
 208.000       3.3835
 209.000       4.1292
 210.000       6.3918
 211.000       7.9236
