#Res        AtomicFlx
   1.000       6.3126
   2.000       4.6593
   3.000       2.4526
   4.000       1.5854
   5.000       1.0972
   6.000       0.9324
   7.000       0.7633
   8.000       0.6819
   9.000       0.6043
  10.000       0.6191
  11.000       0.7332
  12.000       0.7276
  13.000       0.7174
  14.000       0.7790
  15.000       0.9200
  16.000       0.9802
  17.000       0.7977
  18.000       0.8090
  19.000       0.9397
  20.000       0.9427
  21.000       0.9154
  22.000       1.0387
  23.000       1.1105
  24.000       0.9271
  25.000       1.0210
  26.000       1.4008
  27.000       1.7517
  28.000       1.4929
  29.000       1.3702
  30.000       1.9867
  31.000       1.7239
  32.000       1.1896
  33.000       1.2138
  34.000       1.0813
  35.000       0.9821
  36.000       1.0670
  37.000       1.1380
  38.000       1.7004
  39.000       1.6714
  40.000       1.0046
  41.000       0.9893
  42.000       0.8590
  43.000       0.9416
  44.000       1.0415
  45.000       1.0003
  46.000       1.0130
  47.000       1.2209
  48.000       1.6592
  49.000       2.2527
  50.000       2.2832
  51.000       1.9831
  52.000       1.2092
  53.000       0.8704
  54.000       0.7654
  55.000       0.6575
  56.000       0.6397
  57.000       0.5143
  58.000       0.4938
  59.000       0.5304
  60.000       0.6333
  61.000       0.7186
  62.000       0.8171
  63.000       1.1476
  64.000       1.1290
  65.000       0.9273
  66.000       1.3798
  67.000       0.9574
  68.000       0.7298
  69.000       0.7065
  70.000       0.6649
  71.000       0.5458
  72.000       0.5321
  73.000       0.5487
  74.000       0.6042
  75.000       0.5758
  76.000       0.5543
  77.000       0.5773
  78.000       0.5829
  79.000       0.5294
  80.000       0.5427
  81.000       0.5812
  82.000       0.6450
  83.000       0.7289
  84.000       0.8274
  85.000       0.9709
  86.000       0.8576
  87.000       0.9538
  88.000       0.9378
  89.000       0.9710
  90.000       1.2525
  91.000       1.5532
  92.000       2.2667
  93.000       1.7248
  94.000       0.8249
  95.000       0.8117
  96.000       0.8175
  97.000       0.8950
  98.000       0.8379
  99.000       0.7656
 100.000       0.8246
 101.000       0.9225
 102.000       0.7747
 103.000       0.8236
 104.000       0.7229
 105.000       0.7510
 106.000       0.7340
 107.000       0.8199
 108.000       0.8931
 109.000       0.9815
 110.000       1.6071
 111.000       1.6835
 112.000       2.0513
 113.000       1.3979
 114.000       1.1073
 115.000       0.9953
 116.000       1.0703
 117.000       1.0535
 118.000       1.1653
 119.000       0.8990
 120.000       0.7544
 121.000       0.8106
 122.000       0.8006
 123.000       1.0901
 124.000       0.9799
 125.000       0.8663
 126.000       0.8797
 127.000       0.8707
 128.000       0.9164
 129.000       1.0674
 130.000       1.0083
 131.000       0.9517
 132.000       0.9723
 133.000       0.9295
 134.000       0.8337
 135.000       0.8072
 136.000       0.8573
 137.000       0.8521
 138.000       0.7603
 139.000       0.8925
 140.000       1.0451
 141.000       0.9783
 142.000       0.9547
 143.000       0.8072
 144.000       0.6631
 145.000       0.7234
 146.000       0.6733
 147.000       0.7447
 148.000       0.7210
 149.000       0.7903
 150.000       1.1420
 151.000       0.9894
 152.000       0.8778
 153.000       1.0114
 154.000       1.3056
 155.000       1.0324
 156.000       0.9959
 157.000       1.4185
 158.000       1.4335
 159.000       1.1819
 160.000       0.9928
 161.000       0.7507
 162.000       0.6927
 163.000       0.6399
 164.000       0.6301
 165.000       0.6238
 166.000       0.7228
 167.000       0.5908
 168.000       0.5648
 169.000       0.5526
 170.000       0.7315
 171.000       0.7851
 172.000       0.6546
 173.000       0.5394
 174.000       0.5466
 175.000       0.5559
 176.000       0.5381
 177.000       0.4872
 178.000       0.5179
 179.000       0.5238
 180.000       0.5359
 181.000       0.5895
 182.000       0.7196
 183.000       1.0520
 184.000       1.2350
 185.000       0.8950
 186.000       1.1272
 187.000       1.5896
 188.000       1.0401
 189.000       1.0692
 190.000       0.9550
 191.000       0.7953
 192.000       0.7846
 193.000       0.8041
 194.000       0.7269
 195.000       0.6843
 196.000       0.7423
 197.000       0.7691
 198.000       0.6688
 199.000       0.7031
 200.000       0.9174
 201.000       0.8947
 202.000       0.8732
 203.000       1.2399
 204.000       1.5030
 205.000       1.4753
 206.000       1.8927
 207.000       2.3796
 208.000       3.0083
 209.000       4.4379
 210.000       6.6110
 211.000       8.6167
 212.000       6.0837
 213.000       4.4319
 214.000       1.9381
 215.000       1.3659
 216.000       0.9333
 217.000       0.8391
 218.000       0.6280
 219.000       0.5791
 220.000       0.6205
 221.000       0.6281
 222.000       0.8321
 223.000       0.7459
 224.000       0.7969
 225.000       0.8281
 226.000       0.9226
 227.000       0.9670
 228.000       0.8134
 229.000       0.7906
 230.000       0.8993
 231.000       0.8709
 232.000       0.7961
 233.000       0.9089
 234.000       0.9700
 235.000       0.8292
 236.000       0.8640
 237.000       1.0923
 238.000       1.2480
 239.000       1.1739
 240.000       1.1154
 241.000       1.4605
 242.000       1.2779
 243.000       0.9137
 244.000       0.9131
 245.000       0.8500
 246.000       0.7535
 247.000       0.7647
 248.000       0.7684
 249.000       0.9140
 250.000       0.8279
 251.000       1.0886
 252.000       0.8501
 253.000       0.7092
 254.000       0.7730
 255.000       0.8284
 256.000       0.8520
 257.000       1.0067
 258.000       1.1479
 259.000       1.6530
 260.000       2.2089
 261.000       2.3815
 262.000       1.9285
 263.000       1.1107
 264.000       0.7969
 265.000       0.6912
 266.000       0.5648
 267.000       0.5360
 268.000       0.4824
 269.000       0.4818
 270.000       0.5303
 271.000       0.5941
 272.000       0.6986
 273.000       0.7732
 274.000       1.2237
 275.000       1.1728
 276.000       0.8845
 277.000       1.2753
 278.000       0.8662
 279.000       0.6746
 280.000       0.6472
 281.000       0.6348
 282.000       0.5223
 283.000       0.5039
 284.000       0.4970
 285.000       0.5793
 286.000       0.5692
 287.000       0.5330
 288.000       0.5356
 289.000       0.5641
 290.000       0.5230
 291.000       0.5410
 292.000       0.5936
 293.000       0.6901
 294.000       0.8191
 295.000       1.0007
 296.000       1.2201
 297.000       1.0590
 298.000       1.1776
 299.000       1.1886
 300.000       1.1386
 301.000       1.3164
 302.000       1.6744
 303.000       2.6348
 304.000       1.7325
 305.000       0.9697
 306.000       1.0633
 307.000       1.1213
 308.000       1.2410
 309.000       1.1219
 310.000       1.0002
 311.000       1.1040
 312.000       1.1307
 313.000       0.9441
 314.000       0.9047
 315.000       0.8041
 316.000       0.7611
 317.000       0.8321
 318.000       1.0054
 319.000       1.3140
 320.000       1.5325
 321.000       2.6005
 322.000       3.1665
 323.000       2.7352
 324.000       2.0281
 325.000       1.7925
 326.000       1.4298
 327.000       1.4145
 328.000       1.1884
 329.000       1.1999
 330.000       1.0382
 331.000       0.9969
 332.000       1.0243
 333.000       1.0167
 334.000       1.3197
 335.000       1.1544
 336.000       1.0113
 337.000       1.0272
 338.000       1.0822
 339.000       1.1326
 340.000       1.3750
 341.000       1.2171
 342.000       1.0742
 343.000       1.0712
 344.000       0.9753
 345.000       0.7876
 346.000       0.7597
 347.000       0.8398
 348.000       0.8290
 349.000       0.7130
 350.000       0.8724
 351.000       1.0233
 352.000       0.9787
 353.000       0.9729
 354.000       0.8294
 355.000       0.6744
 356.000       0.6622
 357.000       0.6090
 358.000       0.6256
 359.000       0.6272
 360.000       0.7511
 361.000       1.0632
 362.000       0.8516
 363.000       0.7618
 364.000       0.9999
 365.000       1.0916
 366.000       0.8930
 367.000       0.9519
 368.000       1.2757
 369.000       1.2652
 370.000       1.1586
 371.000       0.9771
 372.000       0.7710
 373.000       0.7994
 374.000       0.7232
 375.000       0.7154
 376.000       0.5966
 377.000       0.7294
 378.000       0.6283
 379.000       0.5680
 380.000       0.5991
 381.000       0.7463
 382.000       0.8722
 383.000       0.6572
 384.000       0.5958
 385.000       0.6170
 386.000       0.5621
 387.000       0.5346
 388.000       0.5164
 389.000       0.5191
 390.000       0.5010
 391.000       0.5077
 392.000       0.6069
 393.000       0.6760
 394.000       0.8876
 395.000       1.0154
 396.000       0.8422
 397.000       1.0790
 398.000       1.6722
 399.000       1.2137
 400.000       1.1433
 401.000       1.0770
 402.000       0.8158
 403.000       0.8231
 404.000       0.8413
 405.000       0.7197
 406.000       0.6282
 407.000       0.7121
 408.000       0.7865
 409.000       0.6691
 410.000       0.6616
 411.000       0.9024
 412.000       0.8607
 413.000       0.8221
 414.000       1.0509
 415.000       1.2872
 416.000       1.2449
 417.000       1.9239
 418.000       1.7380
 419.000       2.6641
 420.000       2.7022
 421.000       2.8182
 422.000       3.6061
