#Res        AtomicFlx
   1.000       1.8958
   2.000       2.2448
   3.000       2.3707
   4.000       1.7420
   5.000       1.1663
   6.000       1.1110
   7.000       0.8504
   8.000       0.8450
   9.000       0.8379
  10.000       0.8043
  11.000       0.8528
  12.000       0.8480
  13.000       0.7643
  14.000       0.8481
  15.000       0.9870
  16.000       1.0360
  17.000       0.8506
  18.000       0.8492
  19.000       0.9881
  20.000       0.9645
  21.000       0.8826
  22.000       1.0213
  23.000       1.0621
  24.000       0.9303
  25.000       0.9981
  26.000       1.2349
  27.000       1.3293
  28.000       1.2686
  29.000       1.2120
  30.000       1.3919
  31.000       1.2929
  32.000       1.1512
  33.000       1.1287
  34.000       1.0297
  35.000       0.9961
  36.000       1.0067
  37.000       1.0141
  38.000       1.1298
  39.000       1.0525
  40.000       1.0871
  41.000       1.1343
  42.000       0.9795
  43.000       1.0646
  44.000       1.2118
  45.000       1.1541
  46.000       1.1671
  47.000       1.4871
  48.000       1.7329
  49.000       1.9707
  50.000       2.0801
  51.000       1.7450
  52.000       1.4535
  53.000       1.1125
  54.000       0.9421
  55.000       0.7715
  56.000       0.7342
  57.000       0.5730
  58.000       0.5994
  59.000       0.6423
  60.000       0.7509
  61.000       0.8392
  62.000       0.8821
  63.000       0.9638
  64.000       1.7094
  65.000       1.0618
  66.000       1.7213
  67.000       1.0250
  68.000       0.8092
  69.000       0.7692
  70.000       0.5857
  71.000       0.4834
  72.000       0.5045
  73.000       0.5109
  74.000       0.6291
  75.000       0.6307
  76.000       0.5940
  77.000       0.5651
  78.000       0.5547
  79.000       0.5004
  80.000       0.5763
  81.000       0.6281
  82.000       0.7643
  83.000       0.9691
  84.000       1.0377
  85.000       1.1555
  86.000       1.0112
  87.000       1.0704
  88.000       0.9391
  89.000       0.9587
  90.000       1.3273
  91.000       2.2073
  92.000       3.8084
  93.000       2.4428
  94.000       0.8920
  95.000       0.9407
  96.000       1.0761
  97.000       1.0946
  98.000       0.9544
  99.000       0.9448
 100.000       1.1410
 101.000       1.1963
 102.000       1.0672
 103.000       1.1745
 104.000       1.0919
 105.000       1.1369
 106.000       1.2809
 107.000       1.5047
 108.000       1.7282
 109.000       1.4519
 110.000       2.8618
 111.000       3.3832
 112.000       2.8728
 113.000       1.7106
 114.000       1.4326
 115.000       1.5634
 116.000       2.1646
 117.000       2.3420
 118.000       1.9040
 119.000       1.5021
 120.000       1.3489
 121.000       1.3320
 122.000       1.2935
 123.000       1.6605
 124.000       1.4981
 125.000       1.3925
 126.000       1.4713
 127.000       1.5796
 128.000       1.6096
 129.000       1.8791
 130.000       1.6018
 131.000       1.4202
 132.000       1.4547
 133.000       1.4126
 134.000       1.2292
 135.000       1.1519
 136.000       1.3084
 137.000       1.2751
 138.000       1.0549
 139.000       1.2080
 140.000       1.4031
 141.000       1.2617
 142.000       1.3033
 143.000       1.0876
 144.000       0.8517
 145.000       0.8908
 146.000       0.7280
 147.000       0.7442
 148.000       0.6736
 149.000       0.8076
 150.000       1.1288
 151.000       1.0134
 152.000       0.9801
 153.000       1.2392
 154.000       1.7287
 155.000       1.4342
 156.000       1.3248
 157.000       2.0375
 158.000       2.2094
 159.000       1.7257
 160.000       1.4984
 161.000       0.9817
 162.000       0.8146
 163.000       0.6720
 164.000       0.6986
 165.000       0.6341
 166.000       0.6870
 167.000       0.6593
 168.000       0.6019
 169.000       0.5954
 170.000       0.9155
 171.000       0.8315
 172.000       0.6727
 173.000       0.5500
 174.000       0.5426
 175.000       0.5830
 176.000       0.5838
 177.000       0.5433
 178.000       0.5348
 179.000       0.5282
 180.000       0.6070
 181.000       0.6885
 182.000       0.8431
 183.000       1.0188
 184.000       1.1789
 185.000       0.9613
 186.000       1.0719
 187.000       1.4786
 188.000       1.0331
 189.000       1.0376
 190.000       0.9234
 191.000       0.7760
 192.000       0.8068
 193.000       0.8731
 194.000       0.7788
 195.000       0.6600
 196.000       0.7688
 197.000       0.8392
 198.000       0.7021
 199.000       0.7223
 200.000       1.0088
 201.000       0.9929
 202.000       0.9557
 203.000       1.3892
 204.000       1.6803
 205.000       1.5446
 206.000       2.0825
 207.000       2.6481
 208.000       4.5775
 209.000       4.7604
 210.000       5.1388
 211.000       6.0470
 212.000       2.9742
 213.000       3.8371
 214.000       3.6483
 215.000       2.0440
 216.000       1.3501
 217.000       1.2049
 218.000       0.8709
 219.000       0.7403
 220.000       0.6561
 221.000       0.7209
 222.000       0.8761
 223.000       0.8491
 224.000       0.8291
 225.000       0.8836
 226.000       0.9193
 227.000       0.9203
 228.000       0.7652
 229.000       0.7551
 230.000       0.8448
 231.000       0.8339
 232.000       0.7848
 233.000       0.9711
 234.000       1.0790
 235.000       1.0745
 236.000       1.1848
 237.000       1.3728
 238.000       1.5576
 239.000       1.6245
 240.000       1.5503
 241.000       2.2101
 242.000       1.8142
 243.000       1.4463
 244.000       1.4132
 245.000       1.1574
 246.000       1.1362
 247.000       1.0051
 248.000       1.1406
 249.000       1.5649
 250.000       1.7389
 251.000       1.8961
 252.000       1.6364
 253.000       1.3648
 254.000       1.0812
 255.000       1.4333
 256.000       1.5612
 257.000       1.3329
 258.000       1.5579
 259.000       1.8102
 260.000       2.0437
 261.000       2.6449
 262.000       2.0597
 263.000       1.7811
 264.000       1.2595
 265.000       1.0694
 266.000       0.7817
 267.000       0.6786
 268.000       0.5409
 269.000       0.5772
 270.000       0.6784
 271.000       0.8555
 272.000       1.0171
 273.000       1.2254
 274.000       1.8632
 275.000       1.9315
 276.000       1.3466
 277.000       1.7321
 278.000       1.3660
 279.000       1.0210
 280.000       0.9503
 281.000       0.7615
 282.000       0.5547
 283.000       0.5232
 284.000       0.5305
 285.000       0.5930
 286.000       0.5774
 287.000       0.5939
 288.000       0.6256
 289.000       0.6776
 290.000       0.5735
 291.000       0.5535
 292.000       0.5848
 293.000       0.6355
 294.000       0.7311
 295.000       0.8112
 296.000       0.9618
 297.000       0.8336
 298.000       0.9139
 299.000       0.8029
 300.000       0.8229
 301.000       1.0291
 302.000       1.1695
 303.000       1.3734
 304.000       1.2093
 305.000       0.7451
 306.000       0.7401
 307.000       0.7603
 308.000       0.9172
 309.000       0.8466
 310.000       0.7478
 311.000       0.8727
 312.000       0.9762
 313.000       0.8177
 314.000       0.8827
 315.000       0.7582
 316.000       0.7714
 317.000       0.8144
 318.000       0.9448
 319.000       1.1662
 320.000       1.8727
 321.000       3.1253
 322.000       3.3784
 323.000       2.9615
 324.000       2.4943
 325.000       2.1097
 326.000       1.4784
 327.000       1.3958
 328.000       1.3627
 329.000       1.0078
 330.000       0.8478
 331.000       0.8228
 332.000       0.8490
 333.000       0.8565
 334.000       1.1707
 335.000       1.0140
 336.000       0.9359
 337.000       0.9899
 338.000       1.0037
 339.000       1.0221
 340.000       1.1976
 341.000       1.0798
 342.000       1.1178
 343.000       1.1221
 344.000       1.0203
 345.000       1.0050
 346.000       1.0080
 347.000       1.0547
 348.000       1.0024
 349.000       0.8442
 350.000       0.9371
 351.000       1.0656
 352.000       0.9627
 353.000       0.9909
 354.000       0.8445
 355.000       0.6954
 356.000       0.7614
 357.000       0.7419
 358.000       0.8952
 359.000       0.8893
 360.000       0.9260
 361.000       1.2248
 362.000       1.1301
 363.000       1.0011
 364.000       1.1120
 365.000       1.3474
 366.000       1.1254
 367.000       1.0163
 368.000       1.4165
 369.000       1.4405
 370.000       1.2139
 371.000       1.0562
 372.000       0.7844
 373.000       0.6777
 374.000       0.5895
 375.000       0.5414
 376.000       0.5149
 377.000       0.6467
 378.000       0.5794
 379.000       0.5163
 380.000       0.5094
 381.000       0.6650
 382.000       1.0565
 383.000       0.6858
 384.000       0.6045
 385.000       0.6640
 386.000       0.6272
 387.000       0.5718
 388.000       0.5453
 389.000       0.5506
 390.000       0.5385
 391.000       0.6954
 392.000       0.8372
 393.000       1.0637
 394.000       1.3698
 395.000       1.5844
 396.000       1.2434
 397.000       1.4262
 398.000       1.8435
 399.000       1.4072
 400.000       1.4115
 401.000       1.3907
 402.000       1.0926
 403.000       1.0373
 404.000       1.1878
 405.000       1.0349
 406.000       0.8567
 407.000       1.0021
 408.000       1.1138
 409.000       0.8669
 410.000       0.8394
 411.000       1.2400
 412.000       1.2154
 413.000       1.0161
 414.000       1.5173
 415.000       1.9295
 416.000       1.5586
 417.000       2.2204
 418.000       3.2117
 419.000       3.6372
 420.000       5.1489
 421.000       6.6676
 422.000       8.0525
