#Res        AtomicFlx
   1.000       5.8143
   2.000       3.7654
   3.000       1.9115
   4.000       1.3321
   5.000       1.1191
   6.000       0.9088
   7.000       0.7074
   8.000       0.6261
   9.000       0.6737
  10.000       0.6721
  11.000       0.8226
  12.000       0.7932
  13.000       0.7262
  14.000       0.7776
  15.000       0.9445
  16.000       1.0100
  17.000       0.8688
  18.000       0.8597
  19.000       0.9654
  20.000       0.9474
  21.000       0.8930
  22.000       0.9993
  23.000       0.9638
  24.000       0.8211
  25.000       1.0105
  26.000       1.1894
  27.000       1.2822
  28.000       1.4101
  29.000       1.6290
  30.000       2.0293
  31.000       1.7560
  32.000       1.3749
  33.000       1.1827
  34.000       1.1098
  35.000       1.0055
  36.000       1.0117
  37.000       1.0712
  38.000       1.1848
  39.000       1.2612
  40.000       1.5903
  41.000       1.5151
  42.000       1.2873
  43.000       1.5019
  44.000       1.6756
  45.000       1.3389
  46.000       1.1922
  47.000       1.6744
  48.000       1.9548
  49.000       2.1440
  50.000       1.9747
  51.000       1.5259
  52.000       1.1177
  53.000       0.7659
  54.000       0.7233
  55.000       0.6380
  56.000       0.6033
  57.000       0.5372
  58.000       0.5165
  59.000       0.5808
  60.000       0.6469
  61.000       0.7248
  62.000       0.7855
  63.000       1.5192
  64.000       2.3892
  65.000       1.5714
  66.000       1.3371
  67.000       0.9459
  68.000       0.7826
  69.000       0.6811
  70.000       0.5886
  71.000       0.5195
  72.000       0.5065
  73.000       0.5981
  74.000       0.6907
  75.000       0.6539
  76.000       0.6129
  77.000       0.6527
  78.000       0.6628
  79.000       0.5779
  80.000       0.5276
  81.000       0.5598
  82.000       0.5983
  83.000       0.6967
  84.000       0.8184
  85.000       0.9995
  86.000       0.8837
  87.000       1.0167
  88.000       1.0330
  89.000       1.0144
  90.000       1.2441
  91.000       1.5998
  92.000       2.5929
  93.000       1.8701
  94.000       0.7464
  95.000       0.7715
  96.000       0.8359
  97.000       0.9280
  98.000       0.8352
  99.000       0.7581
 100.000       0.8378
 101.000       0.9336
 102.000       0.7692
 103.000       0.8003
 104.000       0.7005
 105.000       0.6980
 106.000       0.7597
 107.000       0.8781
 108.000       1.0305
 109.000       1.1063
 110.000       1.8393
 111.000       1.9211
 112.000       2.0248
 113.000       1.9337
 114.000       2.3073
 115.000       1.8923
 116.000       1.4837
 117.000       1.5103
 118.000       1.4695
 119.000       1.0111
 120.000       0.8349
 121.000       0.8656
 122.000       0.8213
 123.000       1.0763
 124.000       0.9613
 125.000       0.8923
 126.000       0.8905
 127.000       0.9129
 128.000       0.9583
 129.000       1.1936
 130.000       1.3088
 131.000       1.2180
 132.000       1.1480
 133.000       1.0527
 134.000       0.9254
 135.000       0.9168
 136.000       0.9526
 137.000       0.8765
 138.000       0.7564
 139.000       0.8811
 140.000       0.9733
 141.000       0.8975
 142.000       0.9013
 143.000       0.7641
 144.000       0.6331
 145.000       0.7457
 146.000       0.7489
 147.000       0.8190
 148.000       0.8853
 149.000       0.9379
 150.000       1.2821
 151.000       1.1409
 152.000       1.0337
 153.000       1.1742
 154.000       1.3761
 155.000       1.0832
 156.000       1.0282
 157.000       1.4511
 158.000       1.4455
 159.000       1.2109
 160.000       0.9775
 161.000       0.7225
 162.000       0.7071
 163.000       0.6367
 164.000       0.6099
 165.000       0.5472
 166.000       0.7103
 167.000       0.6128
 168.000       0.5563
 169.000       0.6565
 170.000       0.8992
 171.000       1.0360
 172.000       0.7656
 173.000       0.6338
 174.000       0.6199
 175.000       0.7200
 176.000       0.6483
 177.000       0.5446
 178.000       0.5304
 179.000       0.5413
 180.000       0.5509
 181.000       0.6483
 182.000       0.7199
 183.000       0.8578
 184.000       1.0172
 185.000       0.8361
 186.000       0.9204
 187.000       1.1562
 188.000       0.9187
 189.000       0.9901
 190.000       0.9536
 191.000       0.7937
 192.000       0.8547
 193.000       0.8663
 194.000       0.7846
 195.000       0.8037
 196.000       0.9668
 197.000       0.9766
 198.000       0.8762
 199.000       0.8487
 200.000       1.1339
 201.000       1.0649
 202.000       0.9999
 203.000       1.4157
 204.000       1.6835
 205.000       1.5695
 206.000       2.1929
 207.000       2.6863
 208.000       2.7427
 209.000       4.3402
 210.000       6.3829
 211.000       8.4043
 212.000       1.9055
 213.000       3.3710
 214.000       3.8269
 215.000       2.0597
 216.000       1.1248
 217.000       0.7463
 218.000       0.6249
 219.000       0.5608
 220.000       0.5975
 221.000       0.5626
 222.000       0.6825
 223.000       0.6753
 224.000       0.7013
 225.000       0.8258
 226.000       0.9616
 227.000       1.0033
 228.000       0.7979
 229.000       0.8067
 230.000       0.9253
 231.000       0.8796
 232.000       0.8138
 233.000       0.9581
 234.000       1.0001
 235.000       0.8160
 236.000       0.9160
 237.000       1.1333
 238.000       1.2811
 239.000       1.2869
 240.000       1.1784
 241.000       1.9667
 242.000       1.3121
 243.000       0.9858
 244.000       0.8947
 245.000       0.7820
 246.000       0.7051
 247.000       0.6988
 248.000       0.6961
 249.000       0.7152
 250.000       0.6770
 251.000       0.9014
 252.000       0.7317
 253.000       0.6011
 254.000       0.5806
 255.000       0.6961
 256.000       0.8251
 257.000       0.7844
 258.000       1.0446
 259.000       1.6838
 260.000       2.2348
 261.000       2.2635
 262.000       1.8429
 263.000       1.1713
 264.000       0.7662
 265.000       0.6452
 266.000       0.5436
 267.000       0.5230
 268.000       0.4924
 269.000       0.4848
 270.000       0.5322
 271.000       0.5516
 272.000       0.6258
 273.000       0.6385
 274.000       1.0422
 275.000       1.1636
 276.000       0.8616
 277.000       1.2782
 278.000       0.8075
 279.000       0.6248
 280.000       0.6219
 281.000       0.5447
 282.000       0.4648
 283.000       0.4900
 284.000       0.5315
 285.000       0.6323
 286.000       0.6005
 287.000       0.5347
 288.000       0.5060
 289.000       0.5238
 290.000       0.4793
 291.000       0.4729
 292.000       0.4923
 293.000       0.5611
 294.000       0.7382
 295.000       0.8955
 296.000       1.2670
 297.000       1.4440
 298.000       1.9353
 299.000       1.8132
 300.000       1.5816
 301.000       2.3991
 302.000       2.2839
 303.000       2.8663
 304.000       2.2955
 305.000       1.6686
 306.000       0.9142
 307.000       1.2217
 308.000       1.5079
 309.000       1.2790
 310.000       0.8795
 311.000       0.9669
 312.000       1.2719
 313.000       0.8602
 314.000       0.7848
 315.000       0.6938
 316.000       0.6755
 317.000       0.7107
 318.000       0.7708
 319.000       0.8621
 320.000       1.2292
 321.000       1.9272
 322.000       2.2139
 323.000       1.8761
 324.000       1.3425
 325.000       0.9086
 326.000       0.8208
 327.000       0.9570
 328.000       0.9847
 329.000       0.9498
 330.000       0.7520
 331.000       0.8313
 332.000       0.8605
 333.000       0.7967
 334.000       1.0858
 335.000       0.9099
 336.000       0.7730
 337.000       0.7882
 338.000       0.7886
 339.000       0.7895
 340.000       0.8965
 341.000       0.7104
 342.000       0.6398
 343.000       0.7273
 344.000       0.7602
 345.000       0.6450
 346.000       0.5933
 347.000       0.7298
 348.000       0.7420
 349.000       0.6194
 350.000       0.7615
 351.000       0.9047
 352.000       0.8739
 353.000       0.8374
 354.000       0.7188
 355.000       0.5979
 356.000       0.5917
 357.000       0.5451
 358.000       0.5447
 359.000       0.5509
 360.000       0.6807
 361.000       0.8874
 362.000       0.7077
 363.000       0.7099
 364.000       0.8257
 365.000       1.1217
 366.000       0.8421
 367.000       0.8744
 368.000       1.2946
 369.000       1.2860
 370.000       1.0975
 371.000       0.8553
 372.000       0.6588
 373.000       0.6614
 374.000       0.5931
 375.000       0.5694
 376.000       0.5461
 377.000       0.6425
 378.000       0.7753
 379.000       0.5550
 380.000       0.5626
 381.000       0.6411
 382.000       0.7548
 383.000       0.6075
 384.000       0.5765
 385.000       0.6205
 386.000       0.5681
 387.000       0.5506
 388.000       0.5166
 389.000       0.5151
 390.000       0.4975
 391.000       0.4940
 392.000       0.5567
 393.000       0.6306
 394.000       0.9186
 395.000       1.0284
 396.000       0.7804
 397.000       1.0855
 398.000       1.6135
 399.000       0.9680
 400.000       0.9371
 401.000       0.8542
 402.000       0.7170
 403.000       0.7346
 404.000       0.7669
 405.000       0.7018
 406.000       0.6452
 407.000       0.7447
 408.000       0.7639
 409.000       0.6590
 410.000       0.6979
 411.000       0.9245
 412.000       0.8566
 413.000       0.8678
 414.000       1.1407
 415.000       1.2634
 416.000       1.1802
 417.000       1.4705
 418.000       1.7811
 419.000       1.9980
 420.000       2.3113
 421.000       3.1019
 422.000       4.1407
