| Run on Mon Feb  9 17:21:44 2026
| GB non-polar solvation energies calculated with gbsa=2
idecomp = 2: Per-residue decomp adding 1-4 interactions to EEL and VDW.
Energy Decomposition Analysis (All units kcal/mol): Generalized Born solvent
DELTAS:
Total Energy Decomposition:
Residue,Location,Internal,,,van der Waals,,,Electrostatic,,,Polar Solvation,,,Non-Polar Solv.,,,TOTAL,,
,,Avg.,Std. Dev.,Std. Err. of Mean,Avg.,Std. Dev.,Std. Err. of Mean,Avg.,Std. Dev.,Std. Err. of Mean,Avg.,Std. Dev.,Std. Err. of Mean,Avg.,Std. Dev.,Std. Err. of Mean
GLY   1,R GLY   1,0.0,0.0,0.0,-7.999999999999878e-06,8.908422980527899e-05,1.6264480727441785e-06,0.04594866666666679,0.021044366583218812,0.00038421580953456203,-0.045827000000000055,0.02097895145933984,0.0003830214982362118,0.0,0.0,0.0,0.00011366666666665518,0.000584875960259011,1.0678325225878512e-05
PRO   2,R PRO   2,0.0,0.0,0.0,-1.5000000000000642e-05,0.00012155245781143739,2.21923410211731e-06,-0.0009039999999999925,0.0017051248243652468,3.113117765556267e-05,0.00091233333333333,0.0017011705447197642,3.105898271687886e-05,0.0,0.0,0.0,-6.666666666713894e-06,0.0005847696602557029,1.0676384462222689e-05
ARG   3,R ARG   3,0.0,0.0,0.0,-4.799999999999908e-05,0.00021376622745419404,3.902819493648074e-06,0.060852666666666576,0.025796529990592745,0.00047097804604020587,-0.06039899999999993,0.025710966512365856,0.0004694158778027569,0.0,0.0,0.0,0.0004056666666673057,0.0006641545168280496,1.2125747017855573e-05
ASN   4,R ASN   4,0.0,0.0,0.0,-4.4000000000001185e-05,0.00020509509989271362,3.744507088167154e-06,-0.0010546666666665723,0.00271385547801577,4.954799543727342e-05,0.0011903333333333336,0.0026610974970656164,4.8584770895445855e-05,0.0,0.0,0.0,9.166666666669224e-05,0.0006276388735217703,1.1459065633166851e-05
LEU   5,R LEU   5,0.0,0.0,0.0,-0.00010666666666667239,0.00030868898407442253,5.635863994363807e-06,-0.0015093333333333413,0.0021458284077613124,3.917728744887548e-05,0.00204466666666666,0.0021707152942956145,3.963165775357244e-05,0.0,0.0,0.0,0.0004286666666666424,0.0006714994829153106,1.225984713819235e-05
ARG   6,R ARG   6,0.0,0.0,0.0,-0.00014866666666667465,0.0003557595942331035,6.4952518270118535e-06,0.08542499999999988,0.029253952012221,0.0005341016471089029,-0.08428533333333328,0.02910514132512545,0.0005313847481049003,0.0,0.0,0.0,0.0009909999999995211,0.0007794778166609655,1.4231252775336234e-05
VAL   7,R VAL   7,0.0,0.0,0.0,-0.00031466666666667137,0.0004643829837058686,8.478434516575274e-06,-0.00023933333333332976,0.004264823508136663,7.786466797282558e-05,0.0028463333333333266,0.004529685775219058,8.27003692499251e-05,0.0,0.0,0.0,0.002292333333333301,0.000997768120467944,1.821667022466083e-05
LEU   8,R LEU   8,0.0,0.0,0.0,-0.001114333333333346,0.0004945650165100436,9.029480523182193e-06,-3.166666666667102e-05,0.008383396123025303,0.00015305917216941044,0.0029863333333332983,0.008237160507251484,0.00015038928732041113,0.0,0.0,0.0,0.001840333333333311,0.0013929010094842396,2.5430776775541176e-05
LEU   9,R LEU   9,0.0,0.0,0.0,-0.0015273333333333413,0.0006147516210271623,1.1223777669981465e-05,0.006560666666666703,0.007611941466464817,0.00013897440158639114,-0.0028746666666666473,0.0075691231254941035,0.00013819264921223755,0.0,0.0,0.0,0.002158666666666681,0.0019488864056742277,3.5581634880097954e-05
ASP  10,R ASP  10,0.0,0.0,0.0,-0.01210900000000001,0.005658013697402825,0.0001033007244246912,-0.5670819999999992,0.19678894263313965,0.0035928580982586885,0.5909339999999992,0.20917680474661213,0.0038190284822191053,0.0,0.0,0.0,0.011742999999999875,0.019877632764827236,0.0003629142618366553
THR  11,R THR  11,0.0,0.0,0.0,-0.007160666666666671,0.003810798633124344,6.95753457824019e-05,-0.006264000000000093,0.024249666059556398,0.00044273630375954844,0.012279999999999977,0.02671369686134805,0.0004877231455105094,0.0,0.0,0.0,-0.0011446666666667352,0.010263384994998346,0.00018738291593735468
ALA  12,R ALA  12,0.0,0.0,0.0,-0.06207699999999997,0.0509617281660139,0.0009304296028657397,-0.05151499999999987,0.055940031357994115,0.0010213205680773242,0.06997266666666677,0.06483411077168805,0.0011837034988480739,-0.0010012103999999975,0.003970459505806839,7.249034116637399e-05,-0.04462054373333337,0.042945496271755146,0.0007840739017098102
ILE  13,R ILE  13,0.0,0.0,0.0,-0.018663333333333365,0.011400496577878505,0.00020814363808215028,-0.0028586666666666764,0.020101244361702707,0.00036699683236093687,0.024125666666666698,0.024869684515266433,0.00045405624023494526,-9.551999999999998e-07,5.230973822301159e-05,9.550407867311217e-07,0.002602711466666709,0.008162625483000858,0.0001490284701835357
PRO  14,R PRO  14,0.0,0.0,0.0,-0.00806866666666663,0.004426204343327317,8.081106543225707e-05,0.008062333333333347,0.01314201080082071,0.0002399391922195345,-0.003906666666666668,0.013665892661009107,0.0002495039226292996,0.0,0.0,0.0,-0.003913000000000009,0.004100011910551812,7.485563364830268e-05
PRO  15,R PRO  15,0.0,0.0,0.0,-0.0014569999999999887,0.0007376659135407799,1.3467875358298023e-05,0.0029646666666666636,0.006213540447191835,0.0001134432088299235,-0.005885999999999985,0.006473973844041525,0.00011819805036933251,0.0,0.0,0.0,-0.004378333333333326,0.0015850963868343675,2.8939768229637262e-05
SER  16,R SER  16,0.0,0.0,0.0,-0.000767333333333331,0.0004978616496801025,9.089668534884226e-06,0.005891666666666652,0.008416923263415312,0.00015367129120541877,-0.0015013333333333634,0.007637800614196607,0.00013944652287074314,0.0,0.0,0.0,0.003622999999999947,0.0019293015143655862,3.522406532156363e-05
PHE  17,R PHE  17,0.0,0.0,0.0,-0.004294999999999983,0.0017888473942736646,3.265973565926746e-05,0.0162246666666666,0.006649826430483696,0.00012140866464899932,-0.019660666666666774,0.007227875636880894,0.00013196235097205614,0.0,0.0,0.0,-0.007731000000000019,0.004270750012195247,7.797287063816e-05
CYS  18,R CYS  18,0.0,0.0,0.0,-0.0010716666666666656,0.0005892344374035125,1.0757899767492318e-05,0.009322333333333292,0.009121171409906132,0.00016652904440255962,-0.009188333333333333,0.008853861524153636,0.00016164865592686726,0.0,0.0,0.0,-0.0009376666666666752,0.0019448516367293917,3.550797041458435e-05
ASP  19,R ASP  19,0.0,0.0,0.0,-0.00031499999999999904,0.00046451587701606235,8.480860805366429e-06,-0.14275533333333318,0.04323662187955437,0.0007893891037917781,0.14178100000000013,0.04295304070338625,0.0007842116435560738,0.0,0.0,0.0,-0.001289333333333282,0.0009744842510556938,1.7791566874557697e-05
THR  20,R THR  20,0.0,0.0,0.0,-0.000393333333333325,0.0004884897360459177,8.918561584736452e-06,0.01675866666666675,0.004728751585308066,8.633479707038474e-05,-0.01209200000000003,0.004693137117110064,8.568456881686488e-05,0.0,0.0,0.0,0.004273333333333358,0.0016776835882316848,3.0630171521023414e-05
VAL  21,R VAL  21,0.0,0.0,0.0,-0.0006046666666666683,0.0004889221705843067,8.926456723113785e-06,0.013155333333333255,0.0030329092011175765,5.537309281056897e-05,-0.010514333333333393,0.0029186403036720924,5.32868377188311e-05,0.0,0.0,0.0,0.002036333333333303,0.0012037496509749099,2.1977361247597625e-05
SER  22,R SER  22,0.0,0.0,0.0,-0.00017466666666666767,0.0003796817380678503,6.932008420417652e-06,0.008726666666666655,0.003872977608450057,7.07105733620169e-05,-0.008003666666666697,0.003862596694222903,7.052104466569229e-05,0.0,0.0,0.0,0.000548333333333323,0.0008280482406773676,1.5118023337382037e-05
SER  23,R SER  23,0.0,0.0,0.0,-0.00010133333333333187,0.0003017695956999081,5.509533824468454e-06,0.007379999999999981,0.003859395462158964,7.046259843191801e-05,-0.0067876666666666224,0.003908185583561308,7.135338010110065e-05,0.0,0.0,0.0,0.0004910000000000214,0.0007270389719036008,1.327385483656556e-05
VAL  24,R VAL  24,0.0,0.0,0.0,-0.00015466666666666263,0.00036158662708800734,6.601638404943671e-06,0.005614666666666703,0.002521411950122821,4.6034473394845324e-05,-0.0048856666666666545,0.0025419011039421523,4.640855245254669e-05,0.0,0.0,0.0,0.0005743333333333477,0.0007530877918425176,1.374943904579673e-05
LEU  25,R LEU  25,0.0,0.0,0.0,-0.00018566666666666642,0.0003888374410413119,7.099167922030386e-06,0.006741333333333362,0.0015955432373401489,2.9130500752200617e-05,-0.006293333333333298,0.0015813355817858765,2.8871105637656e-05,0.0,0.0,0.0,0.0002623333333333373,0.0007226210778978667,1.3193195496445313e-05
LEU  26,R LEU  26,0.0,0.0,0.0,-8.166666666666588e-05,0.00027385620720045905,4.999907406550004e-06,0.0040403333333333315,0.001206940990916876,2.203562687676036e-05,-0.004061333333333319,0.0012158282042385967,2.219788445041592e-05,0.0,0.0,0.0,-0.00010266666666664662,0.0006219267552444084,1.1354777098778562e-05
ASP  27,R ASP  27,0.0,0.0,0.0,-4.033333333333306e-05,0.0001967398169043445,3.5919611892648556e-06,-0.06497900000000001,0.04457419162475154,0.0008138096745144756,0.0647166666666665,0.04443109709301526,0.0008111971377515555,0.0,0.0,0.0,-0.0003026666666668542,0.0006332926302709196,1.1562288636705388e-05
ASP  28,R ASP  28,0.0,0.0,0.0,-4.0666666666666295e-05,0.00019751680659854778,3.606147015346995e-06,-0.057685999999999876,0.045728037395016685,0.0008348759197230137,0.05749066666666671,0.04557989227231235,0.0008321711722066959,0.0,0.0,0.0,-0.00023599999999999,0.000626873724658199,1.1445095990085936e-05
PHE  29,R PHE  29,0.0,0.0,0.0,-8.6333333333333e-05,0.0002808556370965131,5.127698928008166e-06,-0.0009946666666666695,0.0014160878817675434,2.585410920845974e-05,0.0008430000000000057,0.0014131587549410568,2.5800630913904396e-05,0.0,0.0,0.0,-0.0002380000000000019,0.0006460309590104606,1.1794857636557486e-05
ASN  30,R ASN  30,0.0,0.0,0.0,-2.3999999999999946e-05,0.00015304901175767157,2.79427987145167e-06,-0.0018716666666664754,0.0024811013459528257,4.5298505821159716e-05,0.0018683333333333512,0.002475142532371742,4.518971326734879e-05,0.0,0.0,0.0,-2.7333333333068312e-05,0.0005954714285522763,1.087177112559692e-05
MET  31,R MET  31,0.0,0.0,0.0,-3.50000000000011e-05,0.00018377975949489668,3.3553439962743046e-06,0.0006823333333333393,0.0016399454936741602,2.9941171332142775e-05,-0.0006149999999999965,0.0016234043447849447,2.9639172653020277e-05,0.0,0.0,0.0,3.233333333334147e-05,0.000610427081822369,1.1144822747538774e-05
VAL  32,R VAL  32,0.0,0.0,0.0,-7.5666666666666e-05,0.00026446402821975797,4.828430463488142e-06,0.0013723333333333443,0.0018734196599326492,3.4203806913958974e-05,-0.0009896666666666634,0.0018898571080610306,3.450391228488349e-05,0.0,0.0,0.0,0.0003070000000000045,0.0006319949894316654,1.1538597064732072e-05
SER  33,R SER  33,0.0,0.0,0.0,-7.700000000000007e-05,0.00026659144772479127,4.867271651894249e-06,-7.933333333332667e-05,0.0025855443441479527,4.7205365357324465e-05,0.00025033333333332594,0.002525008228809491,4.6100132160170796e-05,0.0,0.0,0.0,9.4000000000008e-05,0.0006601747243469951,1.2053086280653472e-05
LEU  34,R LEU  34,0.0,0.0,0.0,-0.000258000000000002,0.00043753399867896465,7.988241358396816e-06,0.002782333333333303,0.004020068973979786,7.339608199251258e-05,-0.0012346666666666751,0.004186677070050793,7.643791574188186e-05,0.0,0.0,0.0,0.001289666666666632,0.0008396982923777998,1.5330723207796306e-05
ILE  35,R ILE  35,0.0,0.0,0.0,-0.000373666666666664,0.0004837766932055374,8.832513588797634e-06,-0.007523999999999966,0.0034665194840551787,6.328969724827304e-05,0.00749433333333335,0.003342848269897298,6.1031780124662256e-05,0.0,0.0,0.0,-0.0004033333333332762,0.0010112643351545124,1.8463076265486367e-05
ARG  36,R ARG  36,0.0,0.0,0.0,-0.001118333333333333,0.0006030455114574166,1.101005432758224e-05,0.26137433333333304,0.06957315723674558,0.0012702262538473114,-0.24776966666666708,0.0648842863351511,0.001184619575112882,0.0,0.0,0.0,0.012486333333332841,0.006448602940860701,0.00011773484317011863
THR  37,R THR  37,0.0,0.0,0.0,-0.0015043333333333248,0.0006010944647520285,1.0974433251205997e-05,-0.01575533333333334,0.0076096958911349545,0.00013893340317763304,0.019851000000000164,0.007452569959415944,0.00013606468927191575,0.0,0.0,0.0,0.002591333333333416,0.0016688293967794766,3.046851684146195e-05
SER  38,R SER  38,0.0,0.0,0.0,-0.0021506666666666597,0.000858661490667652,1.5676942256656154e-05,0.007811,0.013796301883717494,0.0002518848583954362,-0.0037260000000000084,0.01351363227756821,0.0002467240410751341,0.0,0.0,0.0,0.0019343333333332942,0.005387580275246268,9.836330823740909e-05
PRO  39,R PRO  39,0.0,0.0,0.0,-0.017281999999999964,0.008877301166458306,0.00016207660328787125,0.010941000000000025,0.03913199269566185,0.0007144491706513796,0.00497933333333333,0.048323675076393874,0.0008822655633630368,-3.628559999999996e-05,0.0006212055003238781,1.1341608845789027e-05,-0.001397952266666571,0.012217228424586406,0.00022305505327797591
ALA  40,R ALA  40,0.0,0.0,0.0,-0.005849666666666653,0.003030027484290438,5.532048010021677e-05,0.005830999999999993,0.010563637583711325,0.00019286475313026865,0.005992666666666651,0.011686285960712854,0.00021336141447127871,0.0,0.0,0.0,0.005974000000000069,0.003193742423343932,5.8309492270889505e-05
ASP  41,R ASP  41,0.0,0.0,0.0,-0.002120999999999994,0.000789741940973927,1.4418649189311107e-05,-0.20383533333333337,0.15095989605925889,0.0027561380116763773,0.20610233333333375,0.15190463848926855,0.002773386569674662,0.0,0.0,0.0,0.00014600000000006,0.0029129625240751295,5.3183176120104464e-05
SER  42,R SER  42,0.0,0.0,0.0,-0.0033036666666666457,0.0011942026163465392,2.1803057040156237e-05,0.03942133333333333,0.01965764850863103,0.0003588979171895,-0.029870000000000202,0.020979524144587224,0.0003830319539904899,0.0,0.0,0.0,0.006247666666666712,0.0048512192167422035,8.857073988040828e-05
LEU  43,R LEU  43,0.0,0.0,0.0,-0.005683666666666627,0.0013327665045145705,2.4332875946998035e-05,0.014016333333333275,0.017555950554979615,0.00032052633791358916,-0.006744000000000013,0.017052364371742353,0.00031133215417335653,0.0,0.0,0.0,0.0015886666666666412,0.002324106614498522,4.243218729359346e-05
ALA  44,R ALA  44,0.0,0.0,0.0,-0.0011000000000000005,0.0004187282332651001,7.644896627452679e-06,0.013001333333333311,0.010385438438292188,0.0001896112967411285,-0.012583666666666663,0.010119370857694404,0.00018475358955065418,0.0,0.0,0.0,-0.0006823333333333229,0.0013364459917591205,2.4400053885794454e-05
THR  45,R THR  45,0.0,0.0,0.0,-0.0006503333333333296,0.0004789570846003457,8.744519977083985e-06,0.014022333333333376,0.007374720416546209,0.00013464335758120845,-0.007729333333333342,0.007295711495270392,0.0001332008586336446,0.0,0.0,0.0,0.005642666666666661,0.001734833197233217,3.167357585444806e-05
ILE  46,R ILE  46,0.0,0.0,0.0,-0.001010000000000013,0.0004515528761949953,8.244189873277882e-06,0.009193999999999968,0.005766312860051864,0.00010527798756941786,-0.0064586666666666785,0.0054491857087907315,9.948806442464869e-05,0.0,0.0,0.0,0.001725333333333282,0.001266711578151157,2.312688350687856e-05
LYS  47,R LYS  47,0.0,0.0,0.0,-0.001516333333333333,0.0006096992883563184,1.113153511758675e-05,0.08739233333333343,0.1730098814361637,0.0031587138244627043,-0.0674203333333334,0.17030942130885057,0.003109410393550282,0.0,0.0,0.0,0.018455666666666603,0.009754214536405405,0.00017808677774446788
GLN  48,R GLN  48,0.0,0.0,0.0,-0.00034566666666666383,0.0004755851366708387,8.682956912293191e-06,0.002753333333333314,0.008860012540748495,0.0001617609576115537,-0.0006176666666666717,0.00870732380751334,0.00015897325549589424,0.0,0.0,0.0,0.001790000000000082,0.001157828427128361,2.1138958241964323e-05
ASP  49,R ASP  49,0.0,0.0,0.0,-0.00014133333333333302,0.00034836507032454003,6.3602469087874705e-06,-0.06087299999999999,0.04937860742264814,0.0009015259047858805,0.060611333333333184,0.04913665574926993,0.000897108491808035,0.0,0.0,0.0,-0.00040300000000008157,0.0007513927069120183,1.3718491170686012e-05
ASN  50,R ASN  50,0.0,0.0,0.0,-0.00011999999999999996,0.0003249615361854379,5.932958789676521e-06,0.00281633333333338,0.006343390251977994,0.00011581393106889089,-0.0022819999999999833,0.0059953156158231834,0.00010945898673831113,0.0,0.0,0.0,0.00041433333333346903,0.0008119900793045747,1.4824842763517476e-05
ALA  51,R ALA  51,0.0,0.0,0.0,-8.933333333333521e-05,0.0002852242782248598,5.207459037729509e-06,0.002618666666666663,0.0030014304737722842,5.479837250894993e-05,-0.0023899999999999976,0.00291156887834262,5.315773174660892e-05,0.0,0.0,0.0,0.00013933333333334156,0.0006791560121863628,1.2399635597990814e-05
GLU  52,R GLU  52,0.0,0.0,0.0,-9.93333333333328e-05,0.0002991090473760718,5.460959080058531e-06,-0.08088933333333338,0.0360286240770977,0.0006577896707633385,0.08084833333333327,0.03598209736182113,0.0006569402130472187,0.0,0.0,0.0,-0.00014033333333334733,0.0006908737623874654,1.2613571468269298e-05
ILE  53,R ILE  53,0.0,0.0,0.0,-0.00028733333333333687,0.00045251838513909727,8.26181757421647e-06,0.006169666666666674,0.0019287854266926271,3.521464289289263e-05,-0.004944666666666639,0.0018504787368558494,3.3784964878653837e-05,0.0,0.0,0.0,0.0009376666666666891,0.0008204355889133672,1.497903596759622e-05
ASP  54,R ASP  54,0.0,0.0,0.0,-0.00013400000000000038,0.00034065231541852256,6.219431914036324e-06,-0.0809323333333332,0.03821763669505941,0.0006977553904140408,0.0805943333333334,0.03805161102006339,0.0006947241901700293,0.0,0.0,0.0,-0.00047200000000003207,0.0007689057159367696,1.4038233507107606e-05
ILE  55,R ILE  55,0.0,0.0,0.0,-0.00040199999999999345,0.0004903019477831894,8.951647892985765e-06,-0.0008173333333333369,0.005922271486140789,0.00010812538948763179,0.003420666666666666,0.006107676008288359,0.0001115103974557548,0.0,0.0,0.0,0.002201333333333285,0.0010658947206716217,1.946048608125051e-05
ALA  56,R ALA  56,0.0,0.0,0.0,-0.0007966666666666622,0.00044345862891087974,8.096409812493382e-06,0.00846066666666666,0.009407538797274313,0.00017175737366240535,-0.004349999999999984,0.009125504552260773,0.0001666081563963102,0.0,0.0,0.0,0.0033139999999999836,0.0015013562757275997,2.741088996893174e-05
ILE  57,R ILE  57,0.0,0.0,0.0,-0.00297699999999999,0.0010626088963804725,1.9400495411775148e-05,-0.005028666666666681,0.015835987861688876,0.00028912425907416656,0.008657999999999975,0.01580024375339407,0.0002884716639271342,0.0,0.0,0.0,0.0006523333333332906,0.003992174998947586,7.288681001439186e-05
THR  58,R THR  58,0.0,0.0,0.0,-0.013359666666666683,0.004947488240399082,9.032836374193729e-05,0.04207733333333341,0.036012988669213396,0.000657504208576871,-0.06746166666666675,0.0438807003577752,0.0008011483141692829,0.0,0.0,0.0,-0.03874399999999997,0.019158021748952307,0.0003497760223025251
ILE  59,R ILE  59,0.0,0.0,0.0,-0.5160036666666663,0.24943940009527274,0.004554119538757905,0.028959333333333323,0.10599464300719279,0.0019351885649915568,-0.000762333333333366,0.11961725285769692,0.0021839022552319963,-0.05257190159999998,0.034897151867700454,0.0006371319090207692,-0.5403785682666672,0.2673201898220878,0.004880576601404013
ASP  60,R ASP  60,0.0,0.0,0.0,-0.05329033333333345,0.017531116333219,0.00032007292913171,-0.2311049999999996,0.3903629558607393,0.0071270198846440135,0.2564083333333336,0.38620238683522246,0.007051058634399585,-9.448800000000002e-06,0.0003928115788753688,7.17172541997531e-06,-0.02799644880000009,0.042703492959459875,0.0007796555459386405
GLU  61,R GLU  61,0.0,0.0,0.0,-0.02324366666666684,0.006843558520404943,0.00012494571250774885,0.11806533333333313,0.41531507605458046,0.007582581187568912,-0.05326333333333338,0.41133724361998597,0.007509956235755476,0.0,0.0,0.0,0.04155833333333328,0.020520540860860123,0.0003746521040566523
GLU  62,R GLU  62,0.0,0.0,0.0,-0.003943666666666687,0.0011996499026336307,2.1902510426043857e-05,-0.018854333333333282,0.1786737225071316,0.0032621209416858156,0.030404999999999908,0.1764689934284962,0.0032218682800339428,0.0,0.0,0.0,0.007606999999999925,0.0057077623461384945,0.0001042090063286221
LEU  63,R LEU  63,0.0,0.0,0.0,-0.002321333333333282,0.0007085747823784195,1.2936746399599148e-05,-0.005278666666666694,0.01136765931149518,0.00020754411436465185,0.005298,0.01134497815481958,0.00020713001499326735,0.0,0.0,0.0,-0.0023020000000000267,0.0017916833797669935,3.271151343351592e-05
LYS  64,R LYS  64,0.0,0.0,0.0,-0.0009063333333333071,0.00048259011823934965,8.810849792959236e-06,-0.015802000000000024,0.11167777216617465,0.0020389478329112145,0.02138766666666664,0.1110278285591299,0.002027081540421725,0.0,0.0,0.0,0.00467933333333327,0.002951582551031814,5.3888278117958916e-05
ILE  65,R ILE  65,0.0,0.0,0.0,-0.0008110000000000085,0.00045012479750987025,8.218116842953371e-06,0.004464999999999994,0.005890113892503723,0.00010753827483996159,-0.003010666666666665,0.005975217113675036,0.00010909203997169092,0.0,0.0,0.0,0.0006433333333333173,0.0009212973943786132,1.682051216906332e-05
SER  66,R SER  66,0.0,0.0,0.0,-0.00016099999999999958,0.00036753095107759144,6.710166416217482e-06,0.00013933333333332698,0.005591534037175207,0.00010208697744062636,0.0002653333333333251,0.005744179508182347,0.00010487388969968008,0.0,0.0,0.0,0.0002436666666666527,0.0008121739687748932,1.4828200110550181e-05
ARG  67,R ARG  67,0.0,0.0,0.0,-0.00020499999999999856,0.00040370162248868697,7.37054950461629e-06,0.06193999999999991,0.05020028950779741,0.0009165276985570184,-0.060657333333333334,0.049881264815114276,0.0009107031312042283,0.0,0.0,0.0,0.0010776666666668575,0.0009031248836990854,1.648872903487396e-05
PHE  68,R PHE  68,0.0,0.0,0.0,-0.0004933333333333347,0.0004999555535800663,9.1278978148595e-06,0.005122000000000007,0.002941164621936964,5.369807362570097e-05,-0.004289000000000009,0.002922238696615961,5.335253508503524e-05,0.0,0.0,0.0,0.00033966666666665176,0.0008631105890259547,1.5758171307702873e-05
ASN  69,R ASN  69,0.0,0.0,0.0,-0.00039500000000000456,0.00048885069295236,8.925151726067975e-06,-0.003400666666666638,0.0063043476708976864,0.00011510111432352727,0.005926666666666641,0.006189288237664309,0.00011300042608900458,0.0,0.0,0.0,0.0021310000000001636,0.0010865107761393827,1.983688203546619e-05
GLN  70,R GLN  70,0.0,0.0,0.0,-0.0024533333333333104,0.0006307314977248785,1.1515528967764477e-05,0.02005566666666657,0.02372712725740073,0.00043319609412246883,0.0007146666666666726,0.024206361110712463,0.0004419456671817674,0.0,0.0,0.0,0.01831699999999972,0.005158085335987748,9.41733230685701e-05
CYS  71,R CYS  71,0.0,0.0,0.0,-0.000988666666666665,0.00033744859690848896,6.1609402841749155e-06,-0.016589666666666825,0.00921466005281164,0.00016823590568888934,0.019210000000000067,0.009150367934314334,0.0001670620975698637,0.0,0.0,0.0,0.0016316666666667038,0.0017782005573675692,3.2465351901282557e-05
VAL  72,R VAL  72,0.0,0.0,0.0,-0.0030749999999999875,0.0008074909700217761,1.4742700642088488e-05,0.007622666666666655,0.02134972957413928,0.00038979094947970823,0.003063666666666678,0.023499367648702363,0.0004290377916100473,0.0,0.0,0.0,0.007611333333333261,0.0029769567607802333,5.435154568656148e-05
LEU  73,R LEU  73,0.0,0.0,0.0,-0.0020926666666666823,0.0007024335476674648,1.2824623306861694e-05,0.01928366666666659,0.009441638270036887,0.00017237994201010852,-0.0078020000000000355,0.011062404621057636,0.0002019709517067552,0.0,0.0,0.0,0.009388999999999982,0.003458758785074874,6.314800691848904e-05
GLY  74,R GLY  74,0.0,0.0,0.0,-0.0031959999999999294,0.0011338359669724604,2.0700917854049968e-05,-0.0069073333333333365,0.02539178501449272,0.0004635884475919768,0.008744333333333347,0.024254998822693757,0.0004428336662483539,0.0,0.0,0.0,-0.0013589999999999876,0.004373418075906614,7.984732445249644e-05
TYR  75,R TYR  75,0.0,0.0,0.0,-0.02240233333333345,0.007603319092489218,0.0001388169792955351,0.020869999999999944,0.048481877370140175,0.0008851539288608338,0.0010373333333333432,0.05442708216401911,0.0009936980213473452,0.0,0.0,0.0,-0.0004949999999999755,0.011807425982547326,0.00021557311855712567
THR  76,R THR  76,0.0,0.0,0.0,-0.07001866666666667,0.043676129844827126,0.0007974133846845475,-0.0993186666666667,0.13360948488619914,0.0024393642922938942,0.1633229999999999,0.13754110417495832,0.002511145511359755,-0.000886718399999997,0.0027947361739494173,5.1024668158259255e-05,-0.006901051733333333,0.03940323788019711,0.0007194014075242
LYS  77,R LYS  77,0.0,0.0,0.0,-0.08776366666666688,0.04122798984373876,0.0007527166679336535,0.005404333333333497,0.7494826430153148,0.013683618334602653,0.11304399999999971,0.7792242429048688,0.014226623173129383,-0.00030551760000000004,0.001370877457138397,2.5028683561667385e-05,0.030379149066666854,0.05327839101416552,0.0009727258862012999
ALA  78,R ALA  78,0.0,0.0,0.0,-0.5951693333333333,0.26135093391751285,0.004771593397722126,0.03574799999999993,0.10840317259809945,0.001979162097903499,-0.07466066666666665,0.08983900147609739,0.0016402282550732818,-0.04668617759999989,0.02104546810804036,0.0003842359205343092,-0.680768177600002,0.2814722664824336,0.005138956988817806
PHE  79,R PHE  79,0.0,0.0,0.0,-0.1326613333333334,0.054997157243706046,0.001004106120701215,-0.04179800000000003,0.0682623263301216,0.0012462938652928813,0.04481866666666659,0.059539587263899976,0.001087039166966177,0.0,0.0,0.0,-0.12964066666666604,0.07464651060982307,0.0013628525900016269
VAL  80,R VAL  80,0.0,0.0,0.0,-0.6295513333333328,0.4253778845899515,0.007766302095124854,-0.018681999999999973,0.07529991728193776,0.00137478210911968,-0.00917100000000003,0.07364296136766914,0.0013445303714184629,-0.05771761919999995,0.04779085540573417,0.000872537651606277,-0.7151219525333344,0.4864535582996314,0.008881386235312084
VAL  81,R VAL  81,0.0,0.0,0.0,-0.03384033333333356,0.014140916043720066,0.0002581766233644063,0.016102666666666675,0.02932013175656335,0.0005353099184031105,0.0006370000000000366,0.03159130520148422,0.0005767756826627731,0.0,0.0,0.0,-0.017100666666666646,0.010488431701429645,0.0001914916878575102
ALA  82,R ALA  82,0.0,0.0,0.0,-0.005761999999999965,0.0024842214072018595,4.53554700853895e-05,-0.005131333333333351,0.01181558652327031,0.00021572210896497293,0.007945333333333318,0.010555773059747321,0.00019272116722429783,0.0,0.0,0.0,-0.0029479999999999945,0.002837010633278186,5.179649065761596e-05
HID  83,R HID  83,0.0,0.0,0.0,-0.0018846666666666645,0.0006807091073936976,1.242799110729116e-05,0.01318599999999993,0.01040605932457956,0.00018998778089363992,-0.008352666666666647,0.009119116891941205,0.0001664915342080866,0.0,0.0,0.0,0.0029486666666667626,0.0025321989565505088,4.6231416286458584e-05
PRO  84,R PRO  84,0.0,0.0,0.0,-0.0009870000000000163,0.0005593129714211737,1.0211611038420638e-05,0.008651666666666617,0.0032204032701235582,5.8796250510335855e-05,-0.009646999999999954,0.0031854446576053334,5.815799648849204e-05,0.0,0.0,0.0,-0.001982333333333401,0.0011986191592364922,2.1883691712390115e-05
GLN  85,R GLN  85,0.0,0.0,0.0,-0.0005463333333333286,0.0004978485936730308,9.08943016589809e-06,0.0034166666666665315,0.006636896028181283,0.00012117258888171104,-0.0010729999999999915,0.006877233285752818,0.00012556052679440634,0.0,0.0,0.0,0.0017973333333332054,0.0012786423355351053,2.3344708338455554e-05
HIE  86,R HIE  86,0.0,0.0,0.0,-0.002615666666666666,0.0010607958752225494,1.9367394325594194e-05,0.0074419999999999695,0.02729318540099942,0.0004983031103432688,-0.007565999999999985,0.02795785478179598,0.000510438257448111,0.0,0.0,0.0,-0.0027396666666667678,0.0028644766634685153,5.2297949467628005e-05
PRO  87,R PRO  87,0.0,0.0,0.0,-0.0010646666666666612,0.0005044649530828393,9.210227809141878e-06,0.001220999999999998,0.010002074401509594,0.00018261205905172628,-0.0003303333333333266,0.010187339195731601,0.0001859945159486245,0.0,0.0,0.0,-0.00017400000000003147,0.001100177561426606,2.008640225514592e-05
LEU  88,R LEU  88,0.0,0.0,0.0,-0.00802600000000005,0.005382439719433229,9.826945495817857e-05,-7.03333333334335e-05,0.018730244344968495,0.0003419659111774273,0.0028766666666666745,0.02136787594081882,0.0003901222552919464,0.0,0.0,0.0,-0.005219666666666748,0.006521866799893688,0.0001190724521115268
CYS  89,R CYS  89,0.0,0.0,0.0,-0.004068666666666671,0.003435590908255616,6.272502129370875e-05,0.0124956666666667,0.015309342938944894,0.0002795090822747518,-0.00951933333333334,0.013326050661100722,0.00024329928498471656,0.0,0.0,0.0,-0.001092333333333321,0.0032158681392259617,5.871345072720744e-05
ASN  90,R ASN  90,0.0,0.0,0.0,-0.0013033333333333332,0.0011633237821957313,2.1239289239694293e-05,0.0015550000000000021,0.01513713893045829,0.0002763650816100543,0.0034203333333333256,0.01305938946590619,0.0002384307399240721,0.0,0.0,0.0,0.003671999999999964,0.0027550709609736406,5.03004837617566e-05
ALA  91,R ALA  91,0.0,0.0,0.0,-0.0013536666666666547,0.0010557398143271654,1.9275083705443473e-05,-0.00017733333333333674,0.00899139697463953,0.0001641596982164592,0.004625000000000005,0.008821812455499114,0.00016106352266523013,0.0,0.0,0.0,0.003093999999999974,0.0022150614739400143,4.044130451791958e-05
SER  92,R SER  92,0.0,0.0,0.0,-0.007993333333333318,0.010188749787006363,0.00018602026970397805,0.014712666666666697,0.027933196013982246,0.0005099880520023823,-0.00256633333333335,0.02507476021597985,0.0004578003931441758,0.0,0.0,0.0,0.004152999999999994,0.007649548418044004,0.00013966100744302196
LEU  93,R LEU  93,0.0,0.0,0.0,-0.011204999999999993,0.008579761554573228,0.0001566442980485116,0.022371666666666595,0.023624172589861433,0.00043131640766207825,-0.009077333333333347,0.022095233714285224,0.0004034019306220891,0.0,0.0,0.0,0.0020893333333333033,0.006570947640096404,0.00011996854155553794
HIE  94,R HIE  94,0.0,0.0,0.0,-0.028487666666666835,0.028941778013030505,0.000528402155734795,0.011015666666666632,0.0394104819545368,0.0007195336656216698,0.02539633333333338,0.03735755951908797,0.0006820526013982109,-9.117600000000031e-06,0.00020689983105416014,3.777456820412379e-06,0.007915215733333309,0.017129794422745058,0.00031274582702545513
SER  95,R SER  95,0.0,0.0,0.0,-0.04845266666666682,0.0207978466727259,0.00037971499233952464,0.041751000000000156,0.03259725447027695,0.0005951417195368933,-0.014620999999999983,0.03284662375851343,0.0005996945590140976,-7.221599999999985e-06,0.0003130063669854644,5.714688261355971e-06,-0.021329888266666694,0.023601941715364526,0.0004309105292809108
ILE  96,R ILE  96,0.0,0.0,0.0,-1.2578443333333347,0.5213340778885291,0.009518214481856755,0.08738,0.11238337777447352,0.002051830369856796,-0.01225033333333335,0.06486912722208892,0.001184342808840351,-0.18439734239999941,0.07086816826939349,0.001293869812340622,-1.367112009066664,0.6057280757371986,0.011059031026515377
ALA  97,R ALA  97,0.0,0.0,0.0,-0.06920966666666693,0.03836067048278535,0.0007003668181481376,0.02329933333333346,0.02567186007198482,0.0004687018951514094,0.0026276666666666527,0.026526836120343292,0.0004843115507451615,-0.0012985847999999996,0.007696389174095154,0.00014051619873301567,-0.04458125146666674,0.03997475801971018,0.0007298358899401936
SER  98,R SER  98,0.0,0.0,0.0,-0.023524333333333355,0.01141601541208158,0.00020842697193412387,-0.030713000000000042,0.029339051864934605,0.0005356553507412899,0.039103666666666766,0.024933984570371975,0.0004552301932559496,0.0,0.0,0.0,-0.015133666666666646,0.0266815629206553,0.0004871364627045443
LEU  99,R LEU  99,0.0,0.0,0.0,-0.3628966666666669,0.2891132142527484,0.0052784609706351465,-0.13794333333333333,0.0750904085456692,0.0013709570204247239,0.09050133333333327,0.04018266622424235,0.0007336317570572825,-0.01748087519999997,0.018566425226166347,0.0003389749969534754,-0.4278195418666669,0.3568674092939351,0.006515477670290567
ALA 100,R ALA 100,0.0,0.0,0.0,-0.15997266666666676,0.18183814209223423,0.0033198950746248777,-0.04991666666666668,0.03329827406271306,0.0006079405276712378,0.08074499999999991,0.03747683695742364,0.0006842302995174734,-0.006677956799999993,0.0128367642181499,0.00023436617758852888,-0.13582229013333333,0.18454180430230904,0.0033692569673026192
ASN 101,R ASN 101,0.0,0.0,0.0,-0.01335233333333336,0.010041423930676112,0.00018333047987678324,-0.03148399999999982,0.022866797123048652,0.0004174886867395994,0.04826333333333335,0.025006558917389614,0.0004565552134878752,0.0,0.0,0.0,0.0034270000000001842,0.011044848165547618,0.00020165041614966613
TYR 102,R TYR 102,0.0,0.0,0.0,-0.015247666666666639,0.009428732393888207,0.0001721443140270752,0.023425000000000074,0.038187891296412306,0.0006972123162200073,-0.012792666666666626,0.04107021239563054,0.0007498360590205044,0.0,0.0,0.0,-0.004615333333333319,0.008551025175705896,0.00015611964595095652
ARG 103,R ARG 103,0.0,0.0,0.0,-0.00802966666666661,0.0031346642386209495,5.7230877123248354e-05,-0.02291666666666684,0.25876776535899704,0.004724431408077553,0.04413999999999998,0.260005626349379,0.004747031554327149,0.0,0.0,0.0,0.013193666666666312,0.007054844190736079,0.00012880324343168096
GLN 104,R GLN 104,0.0,0.0,0.0,-0.15501766666666666,0.04315883093746662,0.0007879688420000768,0.1737820000000002,0.2883095809646289,0.005263788701306309,-0.08386300000000001,0.23375263327785897,0.004267719670750537,-0.006066496799999942,0.00865681921100761,0.00015805117193709809,-0.07116516346666646,0.05873573916993911,0.0010723629758371803
ILE 105,R ILE 105,0.0,0.0,0.0,-0.02098333333333326,0.003864589959563078,7.055743654535585e-05,-0.026744999999999915,0.07564405666232701,0.001381065205838515,0.02983099999999996,0.07834056700713843,0.00143029652391849,0.0,0.0,0.0,-0.01789733333333335,0.008481359534623993,0.00015484773118083596
SER 106,R SER 106,0.0,0.0,0.0,-0.04501966666666726,0.018827460792386615,0.00034374083255114124,0.10914733333333351,0.09946670947050015,0.0018160053499268556,-0.052605666666666696,0.10486498701293132,0.001914563962648959,-0.005496405599999994,0.011632874352831665,0.00021238625638897378,0.006025594399999984,0.017994232960085697,0.00032852824324139645
LEU 107,R LEU 107,0.0,0.0,0.0,-0.088319,0.05116238760717328,0.0009340931262757188,0.06569833333333333,0.05026814097639017,0.0009177664912206221,-0.03703833333333356,0.04880317131658144,0.0008910199269293583,-0.010803503999999945,0.017097142939494464,0.0003121496952283767,-0.07046250399999998,0.057303088508574906,0.001046206473028718
GLY 108,R GLY 108,0.0,0.0,0.0,-0.005374333333333278,0.0020691885419705687,3.7778041338950183e-05,-0.012163999999999989,0.01881385404429406,0.00034349240845565513,0.025028000000000175,0.020823861697581252,0.0003801899595377691,0.0,0.0,0.0,0.007489666666666648,0.003735580261336816,6.820205248350725e-05
SER 109,R SER 109,0.0,0.0,0.0,-0.008238666666666694,0.00597464405262399,0.00010908157735620806,0.033133333333333403,0.033063296199192516,0.0006036504384590854,-0.014885000000000002,0.03884140971094281,0.0007091438754661197,-1.4508000000000007e-05,0.0007945034360756412,1.4505581798466414e-05,0.009995158666666644,0.009068663779934337,0.00016557039062333674
ARG 110,R ARG 110,0.0,0.0,0.0,-0.0024296666666666516,0.0007450189408480961,1.3602122655703642e-05,0.2057890000000001,0.17769333830788378,0.0032442216569874937,-0.19418233333333373,0.17578928794029308,0.0032094586124223126,0.0,0.0,0.0,0.009177000000000058,0.0036562737406643725,6.675412013918902e-05
SER 111,R SER 111,0.0,0.0,0.0,-0.002010000000000008,0.0014454180479478078,2.6389602329536604e-05,0.013356666666666664,0.02432161156027478,0.0004440498428813639,-0.006029999999999994,0.022549318541070392,0.00041169234737712453,0.0,0.0,0.0,0.005316666666666781,0.0035280384855547182,6.441287540948944e-05
GLY 112,R GLY 112,0.0,0.0,0.0,-0.00173033333333332,0.0008423854356660132,1.5379783507603076e-05,-0.01685800000000004,0.016782485989864343,0.0003064048715887706,0.027611666666666805,0.01792192876214903,0.0003272081552343221,0.0,0.0,0.0,0.009023333333333303,0.0030492822470578954,5.567202236378834e-05
GLN 113,R GLN 113,0.0,0.0,0.0,-0.006984666666666698,0.002096448955310113,3.827574611604962e-05,0.011604666666666721,0.04305001407149099,0.0007859821269290145,0.027634666666666714,0.04124399590512778,0.0007530088972963062,0.0,0.0,0.0,0.03225466666666676,0.011783370127241061,0.00021513392073741494
HID 114,R HID 114,0.0,0.0,0.0,-0.058220666666666525,0.040421710002863154,0.0007379960793833454,-0.02875366666666676,0.06436529851730839,0.0011751441972827875,0.13244099999999995,0.09957789171799131,0.0018180352507583565,-0.0008790551999999995,0.004313450571613515,7.875247262520917e-05,0.04458761146666668,0.027235287022096395,0.0004972460354043299
SER 115,R SER 115,0.0,0.0,0.0,-0.0551240000000003,0.018866706760851056,0.00034445736262511163,-0.041319000000000015,0.17835953737418478,0.0032563847322008913,0.045134666666666615,0.16022755650913767,0.0029253415677996135,-5.355120000000005e-05,0.0008274359993247579,1.5106845390733309e-05,-0.051361884533333374,0.06460464129288127,0.0011795139785213595
ASN 116,R ASN 116,0.0,0.0,0.0,-0.10923966666666715,0.04504823592426989,0.0008224644997179068,-0.051563666666666674,0.21396320699259394,0.003906415831533026,0.21838966666666682,0.2484909076000341,0.00453680251424902,-1.791600000000008e-05,0.0002546873709943244,4.649933940175947e-06,0.057568417333333365,0.0837643627921515,0.0015293210338769266
LEU 117,R LEU 117,0.0,0.0,0.0,-1.9205326666666678,0.7689933248081896,0.01403983301894475,-0.9761080000000011,1.1010577188939725,0.02010247165844703,1.4655086666666663,1.091098463594475,0.019920641365664106,-0.24196015680000021,0.1089669876107124,0.001989455904592438,-1.6730921568000015,0.8379654135385036,0.015299085313472778
LEU 118,R LEU 118,0.0,0.0,0.0,-1.7644180000000025,0.43752052135794284,0.007987995297305537,-0.43413233333333345,0.3473507576229296,0.006341728177219602,0.44953366666666716,0.2716906418457498,0.00496036977339914,-0.20760028320000026,0.049361230746954726,0.0009012086515441561,-1.9566169498666675,0.5377088333783533,0.009817175247037029
ARG 119,R ARG 119,0.0,0.0,0.0,-1.1719776666666666,1.4493524335030394,0.026461434053487363,-0.3429583333333338,1.020884206262995,0.018638710279033306,1.3098699999999988,1.5615395769667015,0.02850968169139123,-0.13036625760000045,0.18297972872460197,0.00334073749962135,-0.335432257600001,0.7559036110173405,0.013800848635126933
PRO 120,R PRO 120,0.0,0.0,0.0,-0.13825500000000054,0.07780958793747912,0.0014206022167846395,0.025286333333333397,0.15121531783042216,0.002760801353867846,0.0036686666666666625,0.13246868139887089,0.0024185361655042195,-0.00012522960000000002,0.001016385976646589,1.8556584218041857e-05,-0.10942522960000002,0.0831669038421741,0.0015184129757407274
VAL 121,R VAL 121,0.0,0.0,0.0,-0.9163123333333337,0.3242094530514008,0.005919227693088811,-0.0813556666666668,0.15735749267582416,0.0028729416110334282,0.12194599999999968,0.1839386195193036,0.0033582443702360877,-0.1235192928000002,0.04714205841087523,0.0008606922932954168,-0.9992412927999991,0.3708623730401147,0.006770989581465553
SER 122,R SER 122,0.0,0.0,0.0,-0.048321999999999955,0.03233634151642186,0.0005903781225245021,0.003958666666666722,0.06704734862932506,0.0012241115088398138,0.02518766666666668,0.06448512320338366,0.001177331886733101,0.0,0.0,0.0,-0.01917566666666664,0.03417826026227139,0.0006240068040642825
ASP 123,R ASP 123,0.0,0.0,0.0,-0.007292333333333366,0.002886209952322996,5.2694743219440493e-05,0.15060733333333357,0.31141590595143787,0.005685650548516994,-0.13059666666666708,0.30811821755437996,0.005625443271093938,0.0,0.0,0.0,0.012718333333333318,0.006800073324768186,0.00012415178508882294
LYS 124,R LYS 124,0.0,0.0,0.0,-0.005838333333333305,0.002181787620787612,3.983380985303008e-05,-0.12521666666666637,0.19492618702701103,0.003558848989438827,0.14048566666666637,0.19280777420673736,0.0035201722398464264,0.0,0.0,0.0,0.009430666666666728,0.005995764579174901,0.0001094671836501521
VAL 125,R VAL 125,0.0,0.0,0.0,-0.009540000000000019,0.0020584136286631574,3.758131923649579e-05,0.009909000000000064,0.039802337272242444,0.0007266879321811943,0.002907666666666536,0.04020482319186244,0.0007340362860896638,0.0,0.0,0.0,0.0032766666666667176,0.0033755180672338497,6.162824628967397e-05
LEU 126,R LEU 126,0.0,0.0,0.0,-0.004376666666666599,0.0007317482870196438,1.3359834773880788e-05,-0.01602399999999998,0.03302706098540008,0.000602988876993414,0.014831666666666656,0.032934105886687576,0.0006012917568467488,0.0,0.0,0.0,-0.005569000000000044,0.0025006477160927233,4.565537208259196e-05
PHE 127,R PHE 127,0.0,0.0,0.0,-0.00989833333333338,0.003153093278389146,5.756734381638839e-05,0.025233333333333326,0.02924389774902706,0.0005339180822172224,-0.0182413333333333,0.02825693587225756,0.0005158987061070795,0.0,0.0,0.0,-0.0029063333333333996,0.005192131215171201,9.479491293586588e-05
VAL 128,R VAL 128,0.0,0.0,0.0,-0.005137999999999968,0.0014241802320399011,2.6001854634706517e-05,-0.028307666666666648,0.02345043726434311,0.00042814444910134865,0.03221900000000034,0.024180716263170803,0.00044147745846568915,0.0,0.0,0.0,-0.0012266666666667049,0.0027565598528278344,5.032766708356419e-05
GLU 129,R GLU 129,0.0,0.0,0.0,-0.003292666666666664,0.0010549942601212985,1.926147181023027e-05,-0.2292643333333339,0.1944916599614375,0.0035509156469167888,0.23626833333333358,0.194044956124147,0.003542759987976518,0.0,0.0,0.0,0.003711333333333523,0.0026939447325849248,4.918447662363286e-05
ASN 130,R ASN 130,0.0,0.0,0.0,-0.00506666666666663,0.0018061622912192332,3.2975860980532964e-05,-0.0016936666666666914,0.020148428223781656,0.00036785828788129865,0.005969666666666668,0.02008405868399664,0.000366683066249416,0.0,0.0,0.0,-0.0007906666666666548,0.005664819463633125,0.00010342498014753928
PHE 131,R PHE 131,0.0,0.0,0.0,-0.26701766666666665,0.13813079558117675,0.002521911754198181,0.04072600000000002,0.06408096642009482,0.0011699530271672334,0.021425666666666673,0.05672273331350994,0.0010356106853053049,-0.055536911999999994,0.02565883007091811,0.00046846400096779093,-0.26040291199999943,0.14490027210265824,0.0026455049206420816
ASP 132,R ASP 132,0.0,0.0,0.0,-0.0030103333333333098,0.0010238293586119075,1.8692481158259594e-05,-0.248882333333333,0.1560385352657768,0.0028488608535043774,0.2461483333333336,0.1557639613771065,0.0028438478430868226,0.0,0.0,0.0,-0.005744333333333361,0.005559763294321829,0.00010150692568964332
ASP 133,R ASP 133,0.0,0.0,0.0,-0.002024666666666676,0.0006325015590668898,1.154784571860406e-05,-0.19070699999999974,0.17305070109941834,0.003159459086141182,0.19424299999999972,0.1721907332514349,0.0031437582931721927,0.0,0.0,0.0,0.0015113333333333092,0.0028717947156594015,5.243155820969295e-05
MET 134,R MET 134,0.0,0.0,0.0,-0.04087133333333341,0.01647859555773948,0.0003008566167659446,0.024446000000000044,0.04836211758528918,0.0008829674243393386,-0.012118666666666682,0.05811413985903568,0.0010610141770267978,-0.00018522480000000017,0.0013806526408133794,2.5207153181752186e-05,-0.028729224800000105,0.021391565074397427,0.0003905547577195716
LEU 135,R LEU 135,0.0,0.0,0.0,-0.012312333333333265,0.004144085893039485,7.566031079522223e-05,0.028420666666666476,0.0073482224305540566,0.00013415957275932986,-0.02715766666666687,0.008299124927095109,0.00015152059767078026,0.0,0.0,0.0,-0.011049333333333316,0.006226360592049067,0.00011367727158088318
ARG 136,R ARG 136,0.0,0.0,0.0,-0.0017096666666666582,0.0005453193763494173,9.956124115707501e-06,0.19194133333333396,0.1464146505359196,0.002673153561591967,-0.18063266666666625,0.14404509617785968,0.0026298916158204975,0.0,0.0,0.0,0.009599000000000009,0.0035768979577287473,6.530492324473984e-05
LEU 137,R LEU 137,0.0,0.0,0.0,-0.002213999999999993,0.0005746337964302172,1.0491329753655385e-05,0.019927333333333363,0.014849962499017402,0.0002711219812939206,-0.012235666666666676,0.014596373792448863,0.00026649210613004904,0.0,0.0,0.0,0.005477666666666744,0.0023180813666094893,4.2322181820814e-05
VAL 138,R VAL 138,0.0,0.0,0.0,-0.006873666666666606,0.0019224220544811967,3.5098464142825894e-05,0.023642666666666666,0.015064294857561554,0.0002750351368798512,-0.014109000000000042,0.014101505321536766,0.00025745708531282755,0.0,0.0,0.0,0.0026600000000000065,0.002804591473518486,5.120460048775758e-05
GLU 139,R GLU 139,0.0,0.0,0.0,-0.0015623333333333361,0.0005520699432337808,1.0079372040991276e-05,-0.12164533333333312,0.1292309336480843,0.002359423249550305,0.12098733333333336,0.12891513425333528,0.002353657567811955,0.0,0.0,0.0,-0.002220333333333452,0.003249582520194914,5.932898829284138e-05
ALA 140,R ALA 140,0.0,0.0,0.0,-0.0005256666666666661,0.000499340787661302,9.116673776149747e-06,0.007244333333333331,0.006744723954486349,0.00012314124846725402,-0.004345,0.006196394785141864,0.00011313017330098586,0.0,0.0,0.0,0.0023736666666666767,0.0012277512867931095,2.241556915941935e-05
GLY 141,R GLY 141,0.0,0.0,0.0,-0.0006399999999999991,0.0004834597535817333,8.826727089420145e-06,0.010074333333333282,0.0063448778203804195,0.00011584109022788558,-0.003426666666666666,0.005539009137221373,0.00010112800835611247,0.0,0.0,0.0,0.006007666666666686,0.0015869072296625527,2.8972829545140377e-05
VAL 142,R VAL 142,0.0,0.0,0.0,-0.0015093333333332979,0.0005182466165404055,9.461845407663667e-06,0.013849000000000014,0.0062076457426842166,0.00011333558674230184,-0.006111999999999987,0.005636380871918933,0.00010290576487468786,0.0,0.0,0.0,0.006227666666666678,0.0023038738150244677,4.2062788604479513e-05
GLY 143,R GLY 143,0.0,0.0,0.0,-0.0030569999999999673,0.0011149369189928733,2.0355870024256893e-05,-0.017732666666666654,0.02210902981941052,0.0004036538118881837,0.0228600000000002,0.024749540063066962,0.0004518627126806535,0.0,0.0,0.0,0.0020703333333333385,0.006079423209117453,0.00011099457427513586
TRP 144,R TRP 144,0.0,0.0,0.0,-0.5136836666666665,0.34977659574823394,0.00638601771928911,0.031129666666666746,0.08862974775184433,0.0016181504036559308,0.11377266666666662,0.10515642785657747,0.0019198849201237367,-0.03771008639999994,0.031174152282677774,0.0005691595472107927,-0.40649141973333225,0.286772594732747,0.005235727300313757
GLY 145,R GLY 145,0.0,0.0,0.0,-0.06166733333333324,0.021264195248246725,0.0003882293134886299,0.08549899999999999,0.13016036518720564,0.0023763922702047554,-0.08442833333333338,0.11113730335590384,0.002029080267610771,0.0,0.0,0.0,-0.06059666666666654,0.02844835066494314,0.000519393446100215
ILE 146,R ILE 146,0.0,0.0,0.0,-2.2636746666666636,0.5441351279705947,0.0099345027973485,-0.27429599999999993,0.1868271760674376,0.003410981956237496,0.42702666666666594,0.2617919885880586,0.00477964591746049,-0.2890720488000001,0.05745982902524378,0.0010490681502505366,-2.4000160488,0.5522060934288855,0.01008185779209353
ALA 147,R ALA 147,0.0,0.0,0.0,-0.39917833333333297,0.2109647771482784,0.0038516722427720824,0.18202566666666675,0.14137647732640032,0.0025811695244095704,-0.08891399999999991,0.08152128109068606,0.00148836815233627,-0.005519150400000006,0.007568760920146705,0.00013818603627759692,-0.311585817066667,0.2010963267028225,0.0036714998122188117
PRO 148,R PRO 148,0.0,0.0,0.0,-0.4945346666666666,0.29407901908311995,0.005369123748027234,0.17905466666666614,0.09676066527721407,0.001766599968384567,-0.119664,0.060530888291295486,0.0011051377647655959,-0.04134545999999997,0.023494517688650615,0.0004289492438592693,-0.4764894599999999,0.30610813544782356,0.005588744360687323
HIE 149,R HIE 149,0.0,0.0,0.0,-0.030812000000000228,0.015044289813745951,0.00027466989642112836,-0.0013403333333333912,0.030718829837016254,0.0005608465347298849,0.02330966666666671,0.030255122539644227,0.0005523804365015377,0.0,0.0,0.0,-0.008842666666666754,0.016865425566986263,0.0003079191341654244
TYR 150,R TYR 150,0.0,0.0,0.0,-0.012742333333333333,0.007020489623634071,0.00012817601771984447,0.06550433333333332,0.022491227502196513,0.0004106317549644534,-0.04884099999999991,0.020730067993135367,0.000378477528615203,0.0,0.0,0.0,0.003921000000000003,0.006583420514190716,0.00012019626403881715
PHE 151,R PHE 151,0.0,0.0,0.0,-0.0209629999999999,0.00982572970996736,0.00017939246020326052,0.04649199999999995,0.019139172813891374,0.0003494318894052643,-0.01648666666666669,0.01811768442403398,0.0003307821482934468,0.0,0.0,0.0,0.00904233333333332,0.005715523413379519,0.00010435070338189623
VAL 152,R VAL 152,0.0,0.0,0.0,-0.01489366666666672,0.0062459875031006,0.00011403560831145224,0.024817333333333417,0.015258067796706323,0.0002785729305399734,-0.012894666666666723,0.01574635105526209,0.00028748772237874407,0.0,0.0,0.0,-0.0029709999999999338,0.005530837097582949,0.00010097880800775276
GLU 153,R GLU 153,0.0,0.0,0.0,-0.002954333333333327,0.0011599919061020532,2.1178457783183634e-05,-0.18010433333333298,0.10679704793620937,0.0019498384076540804,0.18837866666666628,0.10571495295473754,0.0019300821466302386,0.0,0.0,0.0,0.005320000000000007,0.00398943605037101,7.283680388375061e-05
GLU 154,R GLU 154,0.0,0.0,0.0,-0.0010516666666666571,0.000535098640958436,9.769519871443106e-06,-0.13812700000000006,0.07104985717320823,0.0012971869827095462,0.14105899999999993,0.07138067562256198,0.0013032268736145438,0.0,0.0,0.0,0.0018803333333333398,0.0023386634121983526,4.269795684243467e-05
ARG 155,R ARG 155,0.0,0.0,0.0,-0.002668999999999993,0.0009599161421707849,1.752559081267583e-05,0.2227936666666665,0.1543086271941899,0.00281727719773043,-0.19607533333333332,0.1479655150980188,0.0027014683450685374,0.0,0.0,0.0,0.024049333333333256,0.008987337363695933,0.00016408558020017578
LEU 156,R LEU 156,0.0,0.0,0.0,-0.003033999999999988,0.0013262141606844413,2.4213247062988317e-05,0.011908666666666642,0.007610365183236766,0.00013894562272369045,-0.00889599999999995,0.007938546298494036,0.0001449373627161441,0.0,0.0,0.0,-2.1333333333329872e-05,0.0020148312308698934,3.6785617157111326e-05
ARG 157,R ARG 157,0.0,0.0,0.0,-0.0008229999999999943,0.0004771488237436884,8.711505801715824e-06,0.13774733333333367,0.07836743047692521,0.0014307869815309924,-0.13285100000000008,0.07787273891206498,0.0014217551905616097,0.0,0.0,0.0,0.004073333333333447,0.0022590460130082935,4.124434865889171e-05
ASN 158,R ASN 158,0.0,0.0,0.0,-0.00038600000000000055,0.00048683056600833845,8.888269422859157e-06,0.01180499999999996,0.008226642186619481,0.00015019724993783714,-0.008677999999999981,0.00781594413149599,0.00014269896363401592,0.0,0.0,0.0,0.002740999999999879,0.0015715975948062365,2.8693315133207985e-05
GLY 159,R GLY 159,0.0,0.0,0.0,-0.000289000000000002,0.0004532979152831012,8.27604978235401e-06,0.00668333333333332,0.003802506483302223,6.942395253214229e-05,-0.0029060000000000036,0.0039061273234070036,7.131580158390977e-05,0.0,0.0,0.0,0.0034883333333333238,0.0013966139608193253,2.5498565682246022e-05
THR 160,R THR 160,0.0,0.0,0.0,-0.0007699999999999953,0.0004379117110407544,7.995137411090175e-06,0.005666000000000023,0.004291127746098237,7.834491545581018e-05,0.0008066666666666687,0.005138348199783878,9.381297391125639e-05,0.0,0.0,0.0,0.005702666666666689,0.002274260221600711,4.152212083358024e-05
LEU 161,R LEU 161,0.0,0.0,0.0,-0.004023666666666655,0.0013867611746639452,2.531867924119348e-05,0.0020850000000000543,0.012274978954496581,0.00022410942887596524,0.00961099999999999,0.01026383679072645,0.00018739116456107692,0.0,0.0,0.0,0.007672333333333345,0.002940572714436461,5.368726692270156e-05
ALA 162,R ALA 162,0.0,0.0,0.0,-0.002927999999999959,0.001222899287213304,2.2326984172123852e-05,-0.0028046666666666636,0.017358931751566862,0.00031692928315086113,0.003212666666666672,0.016698206676832732,0.00030486614889282216,0.0,0.0,0.0,-0.0025199999999999715,0.0032716356765386022,5.973162199929558e-05
VAL 163,R VAL 163,0.0,0.0,0.0,-0.010842999999999985,0.005107675694481692,9.325297314294959e-05,0.0017886666666666572,0.02248503216710073,0.0004105186441383447,0.0186543333333333,0.02142007270192039,0.000391075233408081,0.0,0.0,0.0,0.009599999999999933,0.00921936368013905,0.0001683217817818667
LEU 164,R LEU 164,0.0,0.0,0.0,-0.05127133333333329,0.034926871864256956,0.0006376745194382016,0.00845799999999997,0.04561869027785278,0.0008328795236340527,0.019835666666666654,0.04381015096856984,0.00079986026443975,-3.723120000000003e-05,0.0005716012430939601,1.0435963158018533e-05,-0.023014897866666776,0.040030322752428335,0.0007308503585239096
SER 165,R SER 165,0.0,0.0,0.0,-0.08204266666666685,0.05420484153857615,0.0009896404812223731,0.006261666666666708,0.039941680784474916,0.0007292319850109183,0.014816333333333346,0.03952995404191052,0.0007217149175298969,-0.0002340192000000002,0.0015841936244131772,2.892328611823213e-05,-0.06119868586666669,0.049632812936120915,0.000906167041251588
GLU 166,R GLU 166,0.0,0.0,0.0,-0.013351666666666703,0.0055062386334854,0.00010052970355221246,0.04976366666666678,0.23658722383063885,0.00431947197698549,-0.02822833333333319,0.23001646505679163,0.004199506883640119,0.0,0.0,0.0,0.008183666666666539,0.005863497240460596,0.00010705232348231872
LEU 167,R LEU 167,0.0,0.0,0.0,-0.0259630000000002,0.015596975059285713,0.00028476050229387533,-0.0038863333333333068,0.03507045403976933,0.0006402959593176614,0.012096000000000065,0.042876824944640346,0.0007828201405459904,0.0,0.0,0.0,-0.017753333333333336,0.028550735347603648,0.0005212627261080873
TYR 168,R TYR 168,0.0,0.0,0.0,-1.3457463333333375,0.3702518611070208,0.006759843209552832,-0.12474333333333279,0.5614872175353197,0.010251307159830162,0.5687640000000014,0.3778982186215385,0.006899445959334515,-0.17716377839999978,0.068304436848903,0.001247062694661042,-1.078889445066669,0.3808193832809453,0.0069527788852726475
GLU 169,R GLU 169,0.0,0.0,0.0,-0.09232633333333291,0.06410036796479558,0.0011703072492900018,-0.38337699999999897,1.5370965717452463,0.02806341551362431,0.5858656666666668,1.7242565256619773,0.03148047313435168,-0.0014828927999999966,0.0037090055022051677,6.771686598228492e-05,0.10867944053333307,0.14070380908406935,0.002568888338741503
PRO 170,R PRO 170,0.0,0.0,0.0,-0.009572666666666677,0.0018855731813488183,3.442569884171757e-05,-0.013775000000000008,0.04339038728028717,0.0007921964630766172,0.02145633333333338,0.038978585059263354,0.000711648343219746,0.0,0.0,0.0,-0.0018913333333333254,0.007611757893037694,0.00013897105000949136
GLY 171,R GLY 171,0.0,0.0,0.0,-0.005667333333333356,0.0014033292161455028,2.562116890963116e-05,-0.021125333333333305,0.0264197582291907,0.0004823565848653496,0.03668666666666698,0.02869156360713353,0.0005238338865907108,0.0,0.0,0.0,0.009893999999999993,0.00538065336800899,9.823684079248898e-05
GLY 172,R GLY 172,0.0,0.0,0.0,-0.02624766666666685,0.007391729244378931,0.00013495389487056523,0.003539666666666669,0.06664870911394737,0.0012168333803436375,0.027508000000000008,0.05926112218534747,0.0010819551134661552,0.0,0.0,0.0,0.004799999999999999,0.028718008287483974,0.0005243166981891759
ILE 173,R ILE 173,0.0,0.0,0.0,-1.4219863333333334,0.35684663673145745,0.006515098416922361,-0.31671666666666654,0.3955755524829899,0.007222188443083409,0.2965969999999997,0.3556417944003958,0.006493101106157041,-0.1641011928000004,0.03951665497490364,0.0007214721108967822,-1.606207192800002,0.3952286616297652,0.007215855111573297
ASP 174,R ASP 174,0.0,0.0,0.0,-0.13508000000000003,0.07865749974838197,0.0014360828976381912,0.4441829999999992,1.382932790911282,0.025248782836522817,-0.30451966666666697,1.2936906947231308,0.023619452531146275,-0.0024632159999999907,0.005943443170020563,0.00010851192978234249,0.002120117333333153,0.10070541092647811,0.0018386208409086429
THR 175,R THR 175,0.0,0.0,0.0,-0.7601490000000009,0.44634863817312026,0.008149173921304315,-1.5344889999999987,1.5049192465197831,0.027475940618085438,0.8066210000000011,0.675146981547228,0.012326441047498029,-0.09569032320000015,0.04434922832787451,0.0008097024254374662,-1.5837073231999939,1.1343556471261147,0.020710405872144774
LYS 176,R LYS 176,0.0,0.0,0.0,-0.06328433333333316,0.027416141618072952,0.0005005479734658246,-0.3653549999999999,0.8075465643798306,0.01474371565155437,0.4689613333333339,0.8375687286256309,0.0152918428709727,-8.705760000000003e-05,0.001179346131600998,2.1531815979477428e-05,0.04023494239999999,0.03670403161859999,0.0006701208689630022
VAL 177,R VAL 177,0.0,0.0,0.0,-0.018845333333333318,0.008767824410244951,0.00016007784032451964,0.026335666666666653,0.029022594552444037,0.0005298776571233383,-0.01849399999999998,0.028595686691061176,0.0005220834216014823,0.0,0.0,0.0,-0.011003666666666651,0.009467645952869681,0.0001728547751619739
TYR 178,R TYR 178,0.0,0.0,0.0,-0.021684333333333257,0.007133210209217949,0.0001302340046338272,-0.018263333333333284,0.04190804205506229,0.0007651326658144258,0.023592666666666748,0.04138014918076302,0.0007554947046410942,-6.158400000000001e-06,0.00021545784819643952,3.93370412162379e-06,-0.01636115839999991,0.012641525396631628,0.00023080162070031947
CYS 179,R CYS 179,0.0,0.0,0.0,-0.0011803333333333397,0.00044250787814709814,8.079051557830433e-06,0.00619899999999999,0.0055227468105403495,0.00010083110025075531,-0.0010596666666666662,0.0052153082256841685,9.521806531831542e-05,0.0,0.0,0.0,0.0039589999999999955,0.002057503098417993,3.7564695304676886e-05
TYR 180,R TYR 180,0.0,0.0,0.0,-0.0035386666666666535,0.0007688768142918015,1.4037705837677671e-05,0.010618666666666688,0.01033385624483378,0.00018866953904370302,-0.015770000000000155,0.010350898511723241,0.0001889806868439157,0.0,0.0,0.0,-0.008689999999999903,0.0030873775279352195,5.636754385282186e-05
TYR 181,R TYR 181,0.0,0.0,0.0,-0.00047066666666667413,0.0004991388139140856,9.112986256903938e-06,0.0009613333333333193,0.005237032068728258,9.561468661401374e-05,-0.0018823333333333264,0.0052873895155255,9.653408359898759e-05,0.0,0.0,0.0,-0.001391666666666662,0.0009540775067513722,1.7418992401867133e-05
ASN 182,R ASN 182,0.0,0.0,0.0,-0.000142666666666668,0.00034973259626304665,6.385214402270587e-06,0.004153666666666638,0.005040111098863616,9.20194180393251e-05,-0.0040239999999999885,0.004989999064796151,9.11045016572845e-05,0.0,0.0,0.0,-1.3000000000062073e-05,0.000704389333631181,1.2860330909861004e-05
THR 183,R THR 183,0.0,0.0,0.0,-0.00010266666666666828,0.0003035230176151801,5.541546782329067e-06,-0.00011200000000001136,0.002852856346424204,5.208579247527697e-05,2.2333333333330615e-05,0.0028024693674607195,5.1165856309182344e-05,0.0,0.0,0.0,-0.00019233333333332415,0.0006836235968881087,1.2481202161947853e-05
ALA 184,R ALA 184,0.0,0.0,0.0,-4.2333333333333296e-05,0.00020134850936180811,3.676104016583414e-06,0.0018630000000000053,0.0017718815799407644,3.234998368538166e-05,-0.0018093333333333353,0.0017609598392795878,3.215058089447007e-05,0.0,0.0,0.0,1.1333333333345556e-05,0.0006233283422260226,1.1380366458983084e-05
LEU 185,R LEU 185,0.0,0.0,0.0,-0.00010966666666666961,0.0003124738211256968,5.704965348679282e-06,0.0017760000000000009,0.0020595688869275166,3.760241127020025e-05,-0.0015439999999999946,0.002046313107355137,3.7360394953896636e-05,0.0,0.0,0.0,0.00012233333333334047,0.0006688556562434151,1.2211577687981317e-05
GLU 186,R GLU 186,0.0,0.0,0.0,-9.533333333333238e-05,0.00029367480124942104,5.361743773838475e-06,-0.02786999999999985,0.07349793489162362,0.001341882562339609,0.027606333333333413,0.07316333343888094,0.001335773603558237,0.0,0.0,0.0,-0.0003590000000000515,0.0007299216852969788,1.3326485741644741e-05
SER 187,R SER 187,0.0,0.0,0.0,-2.8666666666666654e-05,0.00016686787854134437,3.0465767066708854e-06,0.0009326666666666919,0.0017016069529190042,3.1066950404045655e-05,-0.0009366666666666733,0.0016780908464350066,3.0637607004513024e-05,0.0,0.0,0.0,-3.266666666664708e-05,0.0005912694441247386,1.0795053737021991e-05
GLU 188,R GLU 188,0.0,0.0,0.0,-4.133333333333222e-05,0.00019906001328465417,3.634321985776104e-06,-0.04805400000000007,0.043130357645940434,0.000787448993198233,0.04791866666666658,0.04297576896603832,0.0007846266029609886,0.0,0.0,0.0,-0.00017666666666667414,0.0006293824133402557,1.1490898169449947e-05
ARG 189,R ARG 189,0.0,0.0,0.0,-4.266666666666689e-05,0.00020210448342929607,3.6899061515718167e-06,0.031508666666666484,0.048412476954695756,0.0008838868564261958,-0.03137233333333323,0.04827988229641482,0.0008814660202480239,0.0,0.0,0.0,9.366666666665917e-05,0.0006209346897126488,1.133666454310296e-05
SER 190,R SER 190,0.0,0.0,0.0,-4.2333333333332334e-05,0.00020134850936180345,3.6761040165833287e-06,-0.0010996666666666488,0.0023560701508137374,4.301575895550942e-05,0.0012830000000000007,0.0023234122176948356,4.2419509400485506e-05,0.0,0.0,0.0,0.0001410000000000175,0.0006146427146453745,1.1221789320582751e-05
PHE 191,R PHE 191,0.0,0.0,0.0,-0.00020833333333333289,0.0004061164310337072,7.414637675021751e-06,-0.0027133333333333337,0.0030369648591242575,5.5447138656428495e-05,0.00261166666666667,0.0030123408210596483,5.499756728626675e-05,0.0,0.0,0.0,-0.0003099999999999888,0.0007365912480247071,1.3448254740133822e-05
LEU 192,R LEU 192,0.0,0.0,0.0,-0.00010266666666666783,0.0003035230176151788,5.541546782329043e-06,-0.0025406666666666607,0.004374663364826482,7.987006021356388e-05,0.0023509999999999976,0.0043788657968322365,7.994678577376165e-05,0.0,0.0,0.0,-0.00029233333333333753,0.0006624760792327909,1.2095103080112642e-05
ARG 193,R ARG 193,0.0,0.0,0.0,-7.63333333333333e-05,0.0002655307054853646,4.847905236819831e-06,0.050472666666666915,0.04808989415205283,0.0008779973271705035,-0.05014133333333334,0.047961748907043265,0.000875657725792878,0.0,0.0,0.0,0.00025500000000025123,0.0006722908596735888,1.2274295634925492e-05
PHE 194,R PHE 194,0.0,0.0,0.0,-0.0002976666666666589,0.00045723213165985437,8.347878417542476e-06,-0.00034200000000002067,0.004364825616982532,7.969044833325789e-05,0.0004306666666666694,0.004310281455105041,7.869461273857406e-05,0.0,0.0,0.0,-0.00020900000000002175,0.0007995742617168104,1.4598161984761213e-05
LEU 195,R LEU 195,0.0,0.0,0.0,-0.0003566666666666643,0.00047901519344959603,8.745580894668154e-06,-0.00428733333333336,0.005733943339641844,0.0001046870036859448,0.0046110000000000135,0.005648511219781821,0.00010312723371318414,0.0,0.0,0.0,-3.3000000000064757e-05,0.0008233535085247675,1.5032309647334574e-05
GLU 196,R GLU 196,0.0,0.0,0.0,-0.00016999999999999944,0.00037563279941985706,6.858085252702306e-06,-0.043879333333333125,0.1074047769245962,0.0019609339701803894,0.043511666666666664,0.10684512715712546,0.0019507162101155145,0.0,0.0,0.0,-0.0005376666666669105,0.0009298285983029889,1.6976269930131894e-05
SER 197,R SER 197,0.0,0.0,0.0,-0.00013333333333333245,0.00033993463423951606,6.206328908341698e-06,0.0009153333333333477,0.005793343728414127,0.00010577150144778334,-0.00017766666666666853,0.005613088979242042,0.00010248051504048378,0.0,0.0,0.0,0.0006043333333333728,0.0007512974703064009,1.3716752396112782e-05
ALA 198,R ALA 198,0.0,0.0,0.0,-0.0002633333333333362,0.00044044169749116055,8.041328432725838e-06,-0.002011666666666672,0.0053651527367716886,9.795383927968102e-05,0.0037890000000000033,0.005170152705675104,9.439364208815408e-05,0.0,0.0,0.0,0.0015139999999999945,0.0009552333048353213,1.74400942912838e-05
ARG 199,R ARG 199,0.0,0.0,0.0,-0.0007629999999999983,0.0004330100075825439,7.905644959281411e-06,0.05195266666666665,0.16775814662649147,0.003062830703752952,-0.04531433333333328,0.16707225241759577,0.0030503080460771406,0.0,0.0,0.0,0.005875333333333685,0.0016722614096552025,3.053117653711806e-05
GLN 200,R GLN 200,0.0,0.0,0.0,-0.0002280000000000014,0.00041954260808647686,7.659765009450423e-06,-0.0003806666666665966,0.008626109178277228,0.00015749048601482632,0.0011986666666666534,0.00836583517780639,0.00015273855464182672,0.0,0.0,0.0,0.0005900000000000721,0.0008932524839038352,1.630848449938836e-05
ARG 201,R ARG 201,0.0,0.0,0.0,-0.00035366666666666196,0.0004781072636506905,8.729004440285098e-06,0.08874599999999983,0.08203487561600528,0.00149774506256722,-0.08536233333333322,0.08214844113689701,0.001499818475818794,0.0,0.0,0.0,0.003029999999999973,0.001354904670693715,2.4737061713601884e-05
LEU 202,R LEU 202,0.0,0.0,0.0,-0.001356666666666676,0.0005933988727847765,1.0833931607412017e-05,-0.0017216666666666747,0.009235954952731721,0.00016862469559042413,0.005813999999999996,0.008878479824834785,0.00016209812254721758,0.0,0.0,0.0,0.002735666666666607,0.0012952970916185731,2.364878119167761e-05
ARG 203,R ARG 203,0.0,0.0,0.0,-0.0008339999999999922,0.00044621818280594157,8.146792143059268e-06,0.02802566666666659,0.19724311988310905,0.0036011502024224855,-0.02447866666666683,0.1958810937232649,0.0035762831207005264,0.0,0.0,0.0,0.0027130000000001645,0.0021397735861533743,3.90667420363309e-05
GLU 204,R GLU 204,0.0,0.0,0.0,-0.00032466666666666283,0.00046825017055225946,8.549039365570459e-06,-0.06258966666666656,0.12169863581769899,0.00222190293516533,0.06277933333333335,0.12112209256045021,0.0022113767435862413,0.0,0.0,0.0,-0.00013499999999989855,0.0011240292107710724,2.052187180113484e-05
LEU 205,R LEU 205,0.0,0.0,0.0,-0.0010136666666666668,0.000534926682411274,9.766380352268559e-06,0.004385000000000009,0.0062576972601749,0.00011424939824786891,0.00048366666666666203,0.006184636870683842,0.00011291550413505671,0.0,0.0,0.0,0.0038550000000000324,0.0016122370586652483,2.943528683589121e-05
GLY 206,R GLY 206,0.0,0.0,0.0,-0.0007120000000000018,0.00047790096603094075,8.725237978288546e-06,-0.0012090000000000037,0.008141784345788938,0.00014864796481770141,0.0035110000000000015,0.0076590172781282745,0.00013983388438508916,0.0,0.0,0.0,0.001590000000000008,0.0015279288814164904,2.7896037153848258e-05
ARG 207,R ARG 207,0.0,0.0,0.0,-0.0007346666666666572,0.00045416394494593616,8.29186124841412e-06,0.04005033333333363,0.16485602142442027,0.0030098453891569976,-0.03700833333333337,0.16233820950068759,0.0029638766429508686,0.0,0.0,0.0,0.002307333333333844,0.002892325400473066,5.280639551614205e-05
GLN 208,R GLN 208,0.0,0.0,0.0,-0.001390333333333332,0.0013552268772750813,2.4742944374028245e-05,-0.004088333333333158,0.019704361544816966,0.0003597507766444531,0.012727333333333353,0.022373562960680608,0.00040848350417756126,0.0,0.0,0.0,0.00724866666666689,0.006584236090002149,0.00012021115434779307
ARG 209,R ARG 209,0.0,0.0,0.0,-0.003554333333333311,0.0017562406504298357,3.206442068826553e-05,0.2586853333333334,0.263880795660127,0.00481778214251543,-0.2392410000000002,0.26047197594430854,0.004755545894088026,0.0,0.0,0.0,0.0158900000000001,0.007063702994889468,0.0001289649823272587
PHE 210,R PHE 210,0.0,0.0,0.0,-0.0027419999999999754,0.0016324121211671169,2.9803631396936212e-05,0.001443666666666664,0.013490199895562023,0.0002462962262684385,-0.002213000000000004,0.015268342990209086,0.00027876052904877985,0.0,0.0,0.0,-0.0035113333333334283,0.004493165723876911,8.203360738588042e-05
ASP 211,R ASP 211,0.0,0.0,0.0,-0.001104999999999996,0.0009121266359448182,1.665307779360931e-05,-0.019664000000000254,0.3945106991840219,0.007202746970674123,0.03288000000000022,0.3887042538143017,0.007096736267076884,0.0,0.0,0.0,0.012110999999999853,0.007104131122100753,0.00012970309556830232
L1C 212,L L1C   1,0.0,0.0,0.0,-19.25285266666667,2.140259509722913,0.03907561374633956,-3.9078856666666617,1.4894270741668472,0.027193093542670074,12.890900666666662,1.2777786485926947,0.023328939644422855,-3.3599330207999976,0.372045711320617,0.006792594283778568,-13.629770687466689,3.0315973303744257,0.05534914143728381

