#Res        AtomicFlx
   1.000       5.2360
   2.000       3.4567
   3.000       2.1685
   4.000       1.4025
   5.000       0.8327
   6.000       0.7143
   7.000       0.6113
   8.000       0.6562
   9.000       0.7807
  10.000       0.8315
  11.000       1.0438
  12.000       1.0209
  13.000       0.7543
  14.000       0.7970
  15.000       1.1847
  16.000       1.3210
  17.000       1.0337
  18.000       0.9402
  19.000       1.2310
  20.000       1.1844
  21.000       0.9282
  22.000       1.0624
  23.000       1.1743
  24.000       0.9456
  25.000       0.8790
  26.000       1.0826
  27.000       1.2433
  28.000       1.2563
  29.000       1.0781
  30.000       1.4881
  31.000       1.2713
  32.000       0.9986
  33.000       0.9469
  34.000       0.9889
  35.000       1.0037
  36.000       1.0176
  37.000       1.1015
  38.000       1.4871
  39.000       1.5438
  40.000       1.3662
  41.000       1.1157
  42.000       0.9789
  43.000       1.0020
  44.000       1.0543
  45.000       0.8848
  46.000       0.8962
  47.000       1.2277
  48.000       1.5803
  49.000       2.2160
  50.000       2.2469
  51.000       2.0312
  52.000       1.1110
  53.000       0.7514
  54.000       0.5911
  55.000       0.5548
  56.000       0.6171
  57.000       0.6513
  58.000       0.7369
  59.000       0.8060
  60.000       0.9362
  61.000       1.0219
  62.000       1.0874
  63.000       1.4909
  64.000       1.5368
  65.000       1.3258
  66.000       1.6064
  67.000       1.0489
  68.000       0.9023
  69.000       1.0180
  70.000       1.0299
  71.000       0.7980
  72.000       0.6723
  73.000       0.6334
  74.000       0.8714
  75.000       0.6628
  76.000       0.6197
  77.000       0.6057
  78.000       0.6260
  79.000       0.5701
  80.000       0.4755
  81.000       0.4775
  82.000       0.5115
  83.000       0.6931
  84.000       0.8481
  85.000       1.0853
  86.000       1.1219
  87.000       1.4511
  88.000       1.5044
  89.000       1.3318
  90.000       1.7998
  91.000       2.6930
  92.000       3.0336
  93.000       1.9075
  94.000       1.3582
  95.000       1.0473
  96.000       1.1757
  97.000       1.1615
  98.000       1.0369
  99.000       0.9429
 100.000       1.0298
 101.000       1.0949
 102.000       0.8359
 103.000       0.8084
 104.000       0.6928
 105.000       0.7192
 106.000       0.8119
 107.000       0.9322
 108.000       1.2872
 109.000       2.0457
 110.000       1.9024
 111.000       2.4615
 112.000       2.8222
 113.000       2.2842
 114.000       2.0796
 115.000       1.3589
 116.000       1.3822
 117.000       1.3957
 118.000       1.5838
 119.000       1.6432
 120.000       1.2290
 121.000       1.0558
 122.000       0.9289
 123.000       1.2088
 124.000       1.0227
 125.000       1.0492
 126.000       1.0662
 127.000       1.0949
 128.000       1.0414
 129.000       1.2360
 130.000       1.2951
 131.000       1.1362
 132.000       1.0463
 133.000       1.0110
 134.000       0.8968
 135.000       0.8608
 136.000       0.9187
 137.000       0.8748
 138.000       0.7175
 139.000       0.8860
 140.000       1.0536
 141.000       0.9126
 142.000       0.9263
 143.000       0.7290
 144.000       0.5401
 145.000       0.6332
 146.000       0.5084
 147.000       0.6024
 148.000       0.6613
 149.000       0.8421
 150.000       1.0575
 151.000       0.9290
 152.000       0.8149
 153.000       1.0157
 154.000       1.4455
 155.000       1.1668
 156.000       1.1942
 157.000       1.7504
 158.000       1.8096
 159.000       1.6103
 160.000       1.2255
 161.000       0.7703
 162.000       0.7114
 163.000       0.6630
 164.000       0.6952
 165.000       0.7457
 166.000       0.9810
 167.000       0.9035
 168.000       0.7147
 169.000       0.7640
 170.000       1.2476
 171.000       1.1914
 172.000       0.8700
 173.000       0.6812
 174.000       0.6102
 175.000       0.5965
 176.000       0.6521
 177.000       0.6926
 178.000       0.6908
 179.000       0.6004
 180.000       0.6142
 181.000       0.5534
 182.000       0.7105
 183.000       1.1024
 184.000       1.3832
 185.000       1.1166
 186.000       1.3320
 187.000       1.5564
 188.000       1.1803
 189.000       1.1007
 190.000       0.8807
 191.000       0.7154
 192.000       0.8263
 193.000       0.8655
 194.000       0.6800
 195.000       0.6400
 196.000       0.7909
 197.000       0.8736
 198.000       0.7587
 199.000       0.6983
 200.000       0.9330
 201.000       1.0635
 202.000       0.9214
 203.000       0.9062
 204.000       1.1670
 205.000       1.2393
 206.000       1.2737
 207.000       1.1817
 208.000       1.4185
 209.000       1.1452
 210.000       1.4396
 211.000       1.7171
