#Res        AtomicFlx
   1.000       4.7102
   2.000       2.8675
   3.000       2.0306
   4.000       1.2600
   5.000       0.8084
   6.000       0.6895
   7.000       0.5941
   8.000       0.5592
   9.000       0.6258
  10.000       0.6257
  11.000       0.7780
  12.000       0.8163
  13.000       0.7284
  14.000       0.7210
  15.000       0.8223
  16.000       0.8386
  17.000       0.6799
  18.000       0.6685
  19.000       0.7381
  20.000       0.6945
  21.000       0.6522
  22.000       0.7318
  23.000       0.7610
  24.000       0.6847
  25.000       0.7327
  26.000       0.9240
  27.000       1.1286
  28.000       1.1461
  29.000       1.0144
  30.000       1.3789
  31.000       1.2599
  32.000       1.0026
  33.000       0.9340
  34.000       1.0277
  35.000       0.9747
  36.000       0.9627
  37.000       1.0176
  38.000       1.4606
  39.000       1.5503
  40.000       1.0310
  41.000       0.8417
  42.000       0.8377
  43.000       0.8416
  44.000       0.8287
  45.000       0.6899
  46.000       0.7245
  47.000       1.0226
  48.000       1.2908
  49.000       1.7488
  50.000       2.1198
  51.000       2.5570
  52.000       1.2508
  53.000       0.7260
  54.000       0.5732
  55.000       0.5170
  56.000       0.4966
  57.000       0.4829
  58.000       0.5198
  59.000       0.5779
  60.000       0.5731
  61.000       0.6042
  62.000       0.6982
  63.000       0.9818
  64.000       1.7004
  65.000       1.3222
  66.000       2.3988
  67.000       1.0909
  68.000       0.6832
  69.000       0.7171
  70.000       0.5899
  71.000       0.5136
  72.000       0.5305
  73.000       0.5078
  74.000       0.6055
  75.000       0.5841
  76.000       0.6077
  77.000       0.5695
  78.000       0.5858
  79.000       0.5027
  80.000       0.4988
  81.000       0.4816
  82.000       0.5554
  83.000       0.6704
  84.000       0.9518
  85.000       1.2357
  86.000       1.4568
  87.000       1.8621
  88.000       2.6619
  89.000       2.4622
  90.000       2.1894
  91.000       2.8396
  92.000       2.9434
  93.000       1.9275
  94.000       1.9626
  95.000       2.1862
  96.000       1.7270
  97.000       1.8851
  98.000       1.4652
  99.000       1.0989
 100.000       1.4081
 101.000       1.4845
 102.000       0.9454
 103.000       0.7781
 104.000       0.6126
 105.000       0.6223
 106.000       0.7390
 107.000       0.9378
 108.000       1.4357
 109.000       1.5768
 110.000       1.7434
 111.000       2.1945
 112.000       1.9186
 113.000       1.7002
 114.000       1.3466
 115.000       0.8775
 116.000       0.9031
 117.000       1.5052
 118.000       1.0423
 119.000       1.0408
 120.000       0.8432
 121.000       1.0118
 122.000       0.9029
 123.000       1.2279
 124.000       0.9462
 125.000       0.7627
 126.000       0.7980
 127.000       0.8851
 128.000       1.0152
 129.000       1.2272
 130.000       1.1723
 131.000       0.9647
 132.000       1.0000
 133.000       1.0027
 134.000       0.8151
 135.000       0.7765
 136.000       0.8493
 137.000       0.7946
 138.000       0.6522
 139.000       0.7631
 140.000       0.9353
 141.000       0.8702
 142.000       0.8931
 143.000       0.7134
 144.000       0.5832
 145.000       0.6470
 146.000       0.6180
 147.000       0.6589
 148.000       0.6782
 149.000       0.8326
 150.000       1.0092
 151.000       0.8776
 152.000       0.7848
 153.000       0.9170
 154.000       1.2061
 155.000       0.8984
 156.000       0.8745
 157.000       1.3359
 158.000       1.3707
 159.000       1.1706
 160.000       0.8973
 161.000       0.6761
 162.000       0.7097
 163.000       0.6616
 164.000       0.7759
 165.000       0.7148
 166.000       1.0394
 167.000       1.0313
 168.000       0.9286
 169.000       0.9173
 170.000       1.0675
 171.000       1.1854
 172.000       0.7988
 173.000       0.6301
 174.000       0.6535
 175.000       0.5571
 176.000       0.5144
 177.000       0.4923
 178.000       0.4837
 179.000       0.4593
 180.000       0.4515
 181.000       0.5032
 182.000       0.6285
 183.000       0.9295
 184.000       1.2405
 185.000       0.9831
 186.000       1.1776
 187.000       1.3846
 188.000       1.0091
 189.000       0.9510
 190.000       0.8267
 191.000       0.6726
 192.000       0.7041
 193.000       0.7251
 194.000       0.6243
 195.000       0.6226
 196.000       0.7032
 197.000       0.6759
 198.000       0.6045
 199.000       0.6528
 200.000       0.7874
 201.000       0.7098
 202.000       0.7012
 203.000       0.9386
 204.000       1.0849
 205.000       1.0491
 206.000       1.1911
 207.000       1.5142
 208.000       1.6449
 209.000       1.8389
 210.000       2.3225
 211.000       2.7958
