#Res        AtomicFlx
   1.000       4.7570
   2.000       2.9515
   3.000       1.8669
   4.000       1.1595
   5.000       0.8381
   6.000       0.6968
   7.000       0.5915
   8.000       0.5637
   9.000       0.6269
  10.000       0.7307
  11.000       0.9369
  12.000       0.9926
  13.000       0.8274
  14.000       0.8191
  15.000       0.9261
  16.000       0.8919
  17.000       0.6877
  18.000       0.7044
  19.000       0.7848
  20.000       0.7334
  21.000       0.6619
  22.000       0.7564
  23.000       0.7819
  24.000       0.7035
  25.000       0.7864
  26.000       0.9200
  27.000       1.1299
  28.000       1.2143
  29.000       1.0810
  30.000       1.5181
  31.000       1.2857
  32.000       0.9874
  33.000       0.9357
  34.000       0.9477
  35.000       0.9860
  36.000       1.1055
  37.000       1.2114
  38.000       1.6940
  39.000       1.6977
  40.000       1.1227
  41.000       0.9079
  42.000       0.8561
  43.000       0.8172
  44.000       0.7613
  45.000       0.7118
  46.000       0.8550
  47.000       1.0336
  48.000       1.2977
  49.000       1.9819
  50.000       2.0833
  51.000       2.0820
  52.000       0.9462
  53.000       0.6635
  54.000       0.5616
  55.000       0.5117
  56.000       0.5539
  57.000       0.5302
  58.000       0.5600
  59.000       0.6663
  60.000       0.6989
  61.000       0.7532
  62.000       0.8322
  63.000       1.2389
  64.000       1.4730
  65.000       1.3462
  66.000       1.6064
  67.000       0.9540
  68.000       0.6503
  69.000       0.6423
  70.000       0.6152
  71.000       0.5669
  72.000       0.5450
  73.000       0.5273
  74.000       0.5891
  75.000       0.5734
  76.000       0.6307
  77.000       0.5797
  78.000       0.5901
  79.000       0.4779
  80.000       0.4499
  81.000       0.4372
  82.000       0.4599
  83.000       0.6146
  84.000       0.7233
  85.000       0.9061
  86.000       0.9249
  87.000       1.2304
  88.000       1.1569
  89.000       0.9674
  90.000       1.1692
  91.000       1.2199
  92.000       1.1321
  93.000       1.2198
  94.000       1.2466
  95.000       0.9557
  96.000       0.8232
  97.000       0.9765
  98.000       0.9548
  99.000       0.8709
 100.000       0.9074
 101.000       0.9832
 102.000       0.7072
 103.000       0.6614
 104.000       0.5711
 105.000       0.5565
 106.000       0.6489
 107.000       0.7466
 108.000       1.3285
 109.000       1.2993
 110.000       1.5799
 111.000       1.7318
 112.000       2.0564
 113.000       1.8529
 114.000       1.6316
 115.000       1.4995
 116.000       1.2169
 117.000       1.2220
 118.000       1.1086
 119.000       0.8319
 120.000       0.7876
 121.000       0.8546
 122.000       0.7434
 123.000       1.0399
 124.000       0.8215
 125.000       0.7124
 126.000       0.6629
 127.000       0.6878
 128.000       0.7296
 129.000       0.9180
 130.000       0.9336
 131.000       0.8533
 132.000       0.8800
 133.000       0.8311
 134.000       0.6997
 135.000       0.6947
 136.000       0.7358
 137.000       0.6745
 138.000       0.5754
 139.000       0.7075
 140.000       0.8321
 141.000       0.7595
 142.000       0.7498
 143.000       0.6334
 144.000       0.4887
 145.000       0.5491
 146.000       0.5453
 147.000       0.6026
 148.000       0.6461
 149.000       0.7541
 150.000       0.8736
 151.000       0.7911
 152.000       0.6900
 153.000       0.8488
 154.000       1.2180
 155.000       0.9218
 156.000       0.9295
 157.000       1.4196
 158.000       1.4500
 159.000       1.2167
 160.000       0.8832
 161.000       0.6542
 162.000       0.6615
 163.000       0.6289
 164.000       0.6329
 165.000       0.6459
 166.000       0.8057
 167.000       1.1133
 168.000       1.1968
 169.000       0.8710
 170.000       0.9919
 171.000       1.1445
 172.000       0.7180
 173.000       0.6082
 174.000       0.6721
 175.000       0.6656
 176.000       0.5968
 177.000       0.5295
 178.000       0.5706
 179.000       0.5088
 180.000       0.4751
 181.000       0.4957
 182.000       0.6073
 183.000       0.8902
 184.000       1.0918
 185.000       1.0436
 186.000       1.2923
 187.000       2.1907
 188.000       1.5448
 189.000       1.2705
 190.000       1.0211
 191.000       0.7783
 192.000       0.8142
 193.000       0.7693
 194.000       0.6334
 195.000       0.6302
 196.000       0.7028
 197.000       0.6651
 198.000       0.5927
 199.000       0.6380
 200.000       0.7461
 201.000       0.7047
 202.000       0.6705
 203.000       0.8034
 204.000       1.0193
 205.000       1.0131
 206.000       1.0441
 207.000       1.2874
 208.000       1.5481
 209.000       1.5610
 210.000       1.5379
 211.000       2.2049
