#Res        AtomicFlx
   1.000       6.2753
   2.000       4.3196
   3.000       2.0902
   4.000       1.4213
   5.000       0.8820
   6.000       0.8021
   7.000       0.6745
   8.000       0.6842
   9.000       0.7538
  10.000       0.7861
  11.000       0.9326
  12.000       0.9176
  13.000       0.8384
  14.000       0.8141
  15.000       0.8785
  16.000       0.8939
  17.000       0.7618
  18.000       0.7133
  19.000       0.7807
  20.000       0.7574
  21.000       0.7095
  22.000       0.8015
  23.000       0.9256
  24.000       0.9288
  25.000       0.9361
  26.000       1.2019
  27.000       1.4710
  28.000       1.3838
  29.000       1.3213
  30.000       1.7165
  31.000       1.4826
  32.000       1.0935
  33.000       1.0434
  34.000       0.9914
  35.000       0.9433
  36.000       0.9430
  37.000       0.9696
  38.000       1.0721
  39.000       1.3450
  40.000       1.4390
  41.000       1.2009
  42.000       0.9659
  43.000       1.2863
  44.000       1.5482
  45.000       1.2701
  46.000       1.2274
  47.000       1.7955
  48.000       2.2173
  49.000       2.3933
  50.000       2.5136
  51.000       2.2743
  52.000       1.2976
  53.000       0.8158
  54.000       0.6383
  55.000       0.5407
  56.000       0.5622
  57.000       0.6122
  58.000       0.6632
  59.000       0.8050
  60.000       0.7519
  61.000       1.1864
  62.000       1.2474
  63.000       1.9669
  64.000       1.5766
  65.000       1.2155
  66.000       1.4159
  67.000       1.2044
  68.000       0.8823
  69.000       0.9198
  70.000       0.8146
  71.000       0.7135
  72.000       0.7203
  73.000       0.7205
  74.000       0.7566
  75.000       0.7104
  76.000       0.6926
  77.000       0.6764
  78.000       0.6560
  79.000       0.5223
  80.000       0.4777
  81.000       0.4575
  82.000       0.4933
  83.000       0.6637
  84.000       0.8306
  85.000       1.0317
  86.000       1.0133
  87.000       1.2777
  88.000       1.1633
  89.000       1.0436
  90.000       1.2990
  91.000       1.5266
  92.000       1.4866
  93.000       1.6804
  94.000       1.0481
  95.000       1.0132
  96.000       1.0484
  97.000       1.3059
  98.000       1.1677
  99.000       0.9369
 100.000       1.0010
 101.000       1.0148
 102.000       0.8030
 103.000       0.7562
 104.000       0.6266
 105.000       0.6130
 106.000       0.7553
 107.000       0.9578
 108.000       1.5201
 109.000       2.2970
 110.000       3.0283
 111.000       3.1837
 112.000       2.3396
 113.000       2.1516
 114.000       1.2996
 115.000       1.1223
 116.000       1.0054
 117.000       0.9024
 118.000       0.9708
 119.000       1.0223
 120.000       0.8204
 121.000       0.8748
 122.000       0.8492
 123.000       1.1397
 124.000       0.9249
 125.000       0.8249
 126.000       0.8202
 127.000       0.8939
 128.000       0.9693
 129.000       1.1929
 130.000       1.2419
 131.000       1.2061
 132.000       1.2115
 133.000       0.9974
 134.000       0.8451
 135.000       0.9187
 136.000       0.9397
 137.000       0.8000
 138.000       0.6742
 139.000       0.8412
 140.000       0.9601
 141.000       0.8651
 142.000       0.8125
 143.000       0.6757
 144.000       0.5112
 145.000       0.5800
 146.000       0.5668
 147.000       0.6388
 148.000       0.7073
 149.000       0.7823
 150.000       0.9742
 151.000       0.8851
 152.000       0.8650
 153.000       0.9489
 154.000       1.2782
 155.000       0.9798
 156.000       0.9405
 157.000       1.4454
 158.000       1.5652
 159.000       1.2685
 160.000       0.9320
 161.000       0.6625
 162.000       0.6519
 163.000       0.6068
 164.000       0.6258
 165.000       0.6137
 166.000       0.8625
 167.000       0.8939
 168.000       0.7910
 169.000       0.7900
 170.000       0.9245
 171.000       1.1249
 172.000       0.7378
 173.000       0.6255
 174.000       0.6933
 175.000       0.7134
 176.000       0.6815
 177.000       0.6306
 178.000       0.6428
 179.000       0.5845
 180.000       0.5573
 181.000       0.5952
 182.000       0.7732
 183.000       1.1610
 184.000       1.2995
 185.000       1.0000
 186.000       1.3518
 187.000       1.4765
 188.000       1.0773
 189.000       1.1347
 190.000       1.0042
 191.000       0.8204
 192.000       0.9383
 193.000       0.9445
 194.000       0.8127
 195.000       0.8730
 196.000       0.9184
 197.000       0.8576
 198.000       1.0404
 199.000       1.1970
 200.000       1.1485
 201.000       1.0623
 202.000       1.0127
 203.000       1.5164
 204.000       1.7645
 205.000       1.4687
 206.000       1.8308
 207.000       2.4279
 208.000       2.4311
 209.000       3.1240
 210.000       4.2049
 211.000       6.7094
