#Res        AtomicFlx
   1.000       5.5994
   2.000       3.4213
   3.000       2.3010
   4.000       1.4578
   5.000       0.9037
   6.000       0.7954
   7.000       0.5882
   8.000       0.5850
   9.000       0.6154
  10.000       0.6275
  11.000       0.7333
  12.000       0.7398
  13.000       0.7407
  14.000       0.7930
  15.000       0.9894
  16.000       1.0347
  17.000       0.7518
  18.000       0.7077
  19.000       0.8322
  20.000       0.7843
  21.000       0.7032
  22.000       0.7850
  23.000       0.8409
  24.000       0.7541
  25.000       0.7475
  26.000       0.9898
  27.000       1.1623
  28.000       1.1124
  29.000       0.9862
  30.000       1.5349
  31.000       1.2642
  32.000       0.9940
  33.000       1.0298
  34.000       0.9828
  35.000       0.9565
  36.000       0.8898
  37.000       0.8748
  38.000       1.0424
  39.000       1.0218
  40.000       0.9587
  41.000       0.9028
  42.000       0.9375
  43.000       0.9958
  44.000       0.9849
  45.000       0.9613
  46.000       1.1046
  47.000       1.1811
  48.000       1.4070
  49.000       1.7987
  50.000       2.0260
  51.000       2.4246
  52.000       1.5944
  53.000       0.9421
  54.000       0.6415
  55.000       0.6012
  56.000       0.6229
  57.000       0.5452
  58.000       0.5949
  59.000       0.6722
  60.000       0.7861
  61.000       0.9468
  62.000       1.2635
  63.000       1.9935
  64.000       1.6816
  65.000       1.7666
  66.000       1.7990
  67.000       1.3361
  68.000       1.0244
  69.000       1.0323
  70.000       0.7350
  71.000       0.6898
  72.000       0.6650
  73.000       0.6299
  74.000       0.7017
  75.000       0.7057
  76.000       0.6450
  77.000       0.6017
  78.000       0.5976
  79.000       0.6001
  80.000       0.6061
  81.000       0.5221
  82.000       0.5493
  83.000       0.7096
  84.000       0.8611
  85.000       1.0177
  86.000       1.0217
  87.000       1.3592
  88.000       1.3082
  89.000       1.1392
  90.000       1.7227
  91.000       2.5575
  92.000       2.4760
  93.000       2.4344
  94.000       1.1734
  95.000       1.2065
  96.000       1.2503
  97.000       1.3456
  98.000       1.1012
  99.000       0.9215
 100.000       0.9631
 101.000       0.9009
 102.000       0.7577
 103.000       0.8046
 104.000       0.7434
 105.000       0.7583
 106.000       0.7961
 107.000       0.8829
 108.000       1.0825
 109.000       1.3763
 110.000       2.0271
 111.000       2.3837
 112.000       3.3888
 113.000       3.5372
 114.000       3.6602
 115.000       2.1027
 116.000       2.4162
 117.000       2.0452
 118.000       1.3995
 119.000       1.4452
 120.000       1.0687
 121.000       0.9869
 122.000       0.8905
 123.000       1.1754
 124.000       0.9717
 125.000       0.9137
 126.000       0.9258
 127.000       0.9214
 128.000       0.9846
 129.000       1.1321
 130.000       1.3145
 131.000       1.1693
 132.000       1.0863
 133.000       1.0309
 134.000       0.9642
 135.000       0.8899
 136.000       0.8545
 137.000       0.8086
 138.000       0.6813
 139.000       0.7800
 140.000       0.9037
 141.000       0.8408
 142.000       0.8611
 143.000       0.7385
 144.000       0.5747
 145.000       0.6992
 146.000       0.6615
 147.000       0.6632
 148.000       0.7361
 149.000       0.8682
 150.000       1.2498
 151.000       0.9749
 152.000       0.8457
 153.000       1.0104
 154.000       1.2450
 155.000       1.0366
 156.000       1.1262
 157.000       1.6338
 158.000       1.6840
 159.000       1.6008
 160.000       1.2614
 161.000       0.8158
 162.000       0.7659
 163.000       0.6820
 164.000       0.8514
 165.000       0.8911
 166.000       1.2076
 167.000       0.9516
 168.000       0.7752
 169.000       0.8964
 170.000       1.4338
 171.000       1.1689
 172.000       0.8103
 173.000       0.6249
 174.000       0.7139
 175.000       0.6731
 176.000       0.6614
 177.000       0.5659
 178.000       0.6196
 179.000       0.6199
 180.000       0.6838
 181.000       0.6887
 182.000       0.7370
 183.000       1.0695
 184.000       1.3646
 185.000       1.0330
 186.000       1.2728
 187.000       1.4140
 188.000       1.0212
 189.000       0.9601
 190.000       0.7631
 191.000       0.6422
 192.000       0.7190
 193.000       0.7426
 194.000       0.6249
 195.000       0.6339
 196.000       0.7653
 197.000       0.7663
 198.000       0.6972
 199.000       0.7405
 200.000       1.1791
 201.000       1.1711
 202.000       1.0067
 203.000       1.7595
 204.000       2.6325
 205.000       1.6974
 206.000       2.8873
 207.000       3.8393
 208.000       3.2687
 209.000       3.4178
 210.000       5.1666
 211.000       6.7438
