#Res        AtomicFlx
   1.000       5.2840
   2.000       3.5514
   3.000       2.0970
   4.000       1.3633
   5.000       0.7753
   6.000       0.6807
   7.000       0.5802
   8.000       0.5171
   9.000       0.6130
  10.000       0.6133
  11.000       0.6915
  12.000       0.7431
  13.000       0.7647
  14.000       0.8010
  15.000       0.9496
  16.000       1.0300
  17.000       0.8550
  18.000       0.7418
  19.000       0.7986
  20.000       0.7970
  21.000       0.8632
  22.000       0.9052
  23.000       0.8231
  24.000       0.7065
  25.000       0.7520
  26.000       0.9777
  27.000       1.2207
  28.000       1.1558
  29.000       0.9434
  30.000       1.3724
  31.000       1.2295
  32.000       0.9003
  33.000       0.9023
  34.000       0.9200
  35.000       0.8292
  36.000       0.7984
  37.000       0.7331
  38.000       0.9440
  39.000       0.9089
  40.000       0.8090
  41.000       0.6734
  42.000       0.6393
  43.000       0.6443
  44.000       0.6935
  45.000       0.6500
  46.000       0.7434
  47.000       0.8385
  48.000       1.2263
  49.000       1.5739
  50.000       1.9196
  51.000       2.3690
  52.000       1.2186
  53.000       0.6647
  54.000       0.5721
  55.000       0.5667
  56.000       0.5618
  57.000       0.5330
  58.000       0.5662
  59.000       0.6207
  60.000       0.6876
  61.000       0.6938
  62.000       0.6830
  63.000       0.8521
  64.000       0.9733
  65.000       0.8715
  66.000       1.4354
  67.000       0.9005
  68.000       0.6581
  69.000       0.6268
  70.000       0.5540
  71.000       0.5067
  72.000       0.5083
  73.000       0.5317
  74.000       0.5995
  75.000       0.6127
  76.000       0.6342
  77.000       0.6601
  78.000       0.6579
  79.000       0.5209
  80.000       0.4505
  81.000       0.4297
  82.000       0.4513
  83.000       0.5972
  84.000       0.7433
  85.000       0.8726
  86.000       0.8376
  87.000       1.0529
  88.000       1.0835
  89.000       0.9847
  90.000       1.2931
  91.000       1.4242
  92.000       1.2378
  93.000       1.1078
  94.000       0.9389
  95.000       0.9284
  96.000       1.0607
  97.000       1.0054
  98.000       0.8075
  99.000       0.8185
 100.000       0.8738
 101.000       0.8559
 102.000       0.6587
 103.000       0.6568
 104.000       0.5730
 105.000       0.5714
 106.000       0.7006
 107.000       0.8789
 108.000       1.0742
 109.000       1.1581
 110.000       1.1612
 111.000       1.7142
 112.000       2.5334
 113.000       2.5404
 114.000       2.4199
 115.000       2.7213
 116.000       2.4426
 117.000       2.4177
 118.000       1.2537
 119.000       1.1665
 120.000       0.8899
 121.000       0.8208
 122.000       0.7383
 123.000       1.1057
 124.000       0.8354
 125.000       0.7848
 126.000       0.7746
 127.000       0.8504
 128.000       0.9306
 129.000       1.1684
 130.000       1.2660
 131.000       1.1253
 132.000       1.0950
 133.000       0.9773
 134.000       0.7422
 135.000       0.7324
 136.000       0.7642
 137.000       0.6810
 138.000       0.5579
 139.000       0.7007
 140.000       0.8238
 141.000       0.7845
 142.000       0.7420
 143.000       0.6318
 144.000       0.4766
 145.000       0.5566
 146.000       0.5513
 147.000       0.6333
 148.000       0.6846
 149.000       0.7995
 150.000       0.9648
 151.000       0.8035
 152.000       0.7622
 153.000       0.9188
 154.000       1.1200
 155.000       0.8792
 156.000       0.8958
 157.000       1.2968
 158.000       1.3254
 159.000       1.1411
 160.000       0.8753
 161.000       0.6434
 162.000       0.6327
 163.000       0.6218
 164.000       0.6480
 165.000       0.6517
 166.000       0.9194
 167.000       0.8464
 168.000       0.7312
 169.000       0.7103
 170.000       0.9089
 171.000       0.9447
 172.000       0.7424
 173.000       0.6046
 174.000       0.6441
 175.000       0.6272
 176.000       0.5282
 177.000       0.5008
 178.000       0.5356
 179.000       0.5217
 180.000       0.5176
 181.000       0.5272
 182.000       0.5998
 183.000       0.8193
 184.000       1.0881
 185.000       0.9957
 186.000       1.0994
 187.000       1.2624
 188.000       0.9487
 189.000       1.0106
 190.000       0.8645
 191.000       0.7230
 192.000       0.7462
 193.000       0.7391
 194.000       0.6468
 195.000       0.6155
 196.000       0.6776
 197.000       0.6807
 198.000       0.5912
 199.000       0.6138
 200.000       0.7686
 201.000       0.7310
 202.000       0.7305
 203.000       1.0655
 204.000       1.4409
 205.000       1.3193
 206.000       1.9369
 207.000       2.7202
 208.000       3.3343
 209.000       2.6832
 210.000       3.1955
 211.000       4.3487
